[[0.05264289444620665, 0.05263473394371417, 0.05262445798268217, 0.05263618626305542, 0.05263058998465603, 0.05264049570023852, 0.052625997778188584, 0.05264226732291114, 0.05262343411214505, 0.052628960772254416, 0.052626285474826354, 0.05262491551427304, 0.05263097531445223, 0.05262633399916481, 0.05263207758344485, 0.05262835915385515, 0.05263721449527099, 0.05262695003398492, 0.05263687012467552], [0.05265105498813774, 0.052637008142798654, 0.05261932402771589, 0.05263950762048073, 0.052629876078926, 0.052646925573584726, 0.05262197381664631, 0.05264997532207031, 0.0526175625749407, 0.052627072445438426, 0.05262246865277924, 0.052620111528154295, 0.052630539151995975, 0.05262255224829477, 0.052632436291684084, 0.052626036998654244, 0.05264127748978789, 0.052623612311084256, 0.05264068473682579], [0.05263785490233663, 0.052633329164910064, 0.052627629039052534, 0.052634134542647946, 0.052631030557198116, 0.052636524608631614, 0.05262848329180965, 0.05263750710732628, 0.05262706100162748, 0.05263012689688419, 0.05262864281331825, 0.05262788284004775, 0.05263124430620055, 0.052628669685929975, 0.0526318557781372, 0.05262979314919265, 0.052634704937162054, 0.052629011478993404, 0.05263451389859367], [0.05263779509016847, 0.052633312264328914, 0.052627666843623175, 0.052634109983977745, 0.0526310357107039, 0.05263647736146235, 0.05262851299390427, 0.05263745054815088, 0.05262710461436187, 0.05263014070714651, 0.052628670907528444, 0.05262791843497601, 0.05263124733040954, 0.05262869768314066, 0.05263185294959623, 0.05262981007960988, 0.0526346747758828, 0.05262903608498873, 0.05263448563603964], [0.05264043636267253, 0.05263404829089488, 0.052626004755603514, 0.052635186341040044, 0.052630805182195595, 0.05263855914232443, 0.05262720921137446, 0.05263994579084127, 0.052625202610674535, 0.05262952927385251, 0.05262743537590316, 0.05262636237617697, 0.05263110694074994, 0.05262747332764698, 0.05263196911574519, 0.05262905881393946, 0.05263599057812305, 0.052627955288880486, 0.05263572122136098], [0.05262045864998005, 0.05262847775141173, 0.05263857811315289, 0.05262704977669184, 0.052632550250007105, 0.052622815318140025, 0.052637065034437026, 0.0526210746154045, 0.05263958532728877, 0.0526341519713389, 0.052636781602989104, 0.05263812882706215, 0.05263217137131673, 0.05263673404396754, 0.052631088366666655, 0.05263474298774835, 0.05262603954127976, 0.05263612854675912, 0.052626377904357716], [0.05263554752448029, 0.052632686116862545, 0.05262908141014947, 0.05263319405305316, 0.05263123177924164, 0.0526347058931895, 0.052629622332327576, 0.05263532730330487, 0.05262872249304575, 0.052630661026840386, 0.052629722263869305, 0.05262924213514159, 0.05263136691194866, 0.05262973907321928, 0.052631754276928205, 0.052630449592726926, 0.05263355566638493, 0.05262995562138185, 0.052633434525904035], [0.05264457845290102, 0.05263520334597307, 0.05262339842714598, 0.052636871432684196, 0.05263044261344705, 0.05264182246112237, 0.05262516768468744, 0.052643857835085586, 0.052622222796961764, 0.05262857117696397, 0.052625497803401214, 0.05262392442232504, 0.05263088515421729, 0.052625553716186914, 0.0526321516449303, 0.052627879815790105, 0.05263805272381558, 0.05262626137673809, 0.052637657115623016], [0.05263390971982443, 0.05263223026106178, 0.05263011192160902, 0.05263252622273798, 0.0526313745496273, 0.0526334148541929, 0.052630431209957015, 0.052633779902683905, 0.052629901654616396, 0.05263104039447681, 0.0526304882336693, 0.0526302069394082, 0.05263145383768783, 0.05263049788240276, 0.052631682640537476, 0.05263091542316165, 0.052632740112402765, 0.05263062581228684, 0.05263266842765566], [0.052632670855159484, 0.052631883789843764, 0.05263089170475703, 0.05263202309185335, 0.05263148334178009, 0.052632439189447836, 0.052631040870548075, 0.05263261016985048, 0.052630793086166576, 0.05263132650279191, 0.0526310680353931, 0.05263093608259756, 0.052631520497961236, 0.05263107264114494, 0.05263162733379474, 0.052631268160787475, 0.0526321228567433, 0.05263113235786428, 0.052632089431514754], [0.052639092249032134, 0.052633674110782354, 0.05262685063756308, 0.052634637712555776, 0.0526309221473181, 0.05263749933754261, 0.0526278736161246, 0.052638675681376916, 0.052626171160564596, 0.052629840695213745, 0.05262806408394525, 0.05262715477402198, 0.05263117792626594, 0.05262809633548399, 0.052631910221449016, 0.052629440929540326, 0.05263532080660686, 0.05262850554422275, 0.05263509203038993], [0.052632189883043905, 0.05263175015111767, 0.05263119427522756, 0.05263182676035782, 0.052631525185467744, 0.05263205996185134, 0.052631278642470115, 0.052632155667186986, 0.052631139341811586, 0.05263143801725453, 0.05263129291162192, 0.05263121943468224, 0.05263154594335364, 0.05263129534272065, 0.0526316064598773, 0.052631404930004, 0.05263188345521743, 0.05263132919754135, 0.052631864439192176], [0.05263240304618094, 0.052631809369213106, 0.05263106021601377, 0.05263191367655437, 0.052631506603093646, 0.05263222798416301, 0.052631173360623826, 0.05263235706867575, 0.05263098601280239, 0.05263138860789483, 0.05263119326688873, 0.05263109394736447, 0.05263153460961635, 0.05263119667752159, 0.05263161569598788, 0.052631344290516295, 0.052631989489230174, 0.0526312419976588, 0.05263196408000011], [0.05263066414663298, 0.052631324159163564, 0.05263215449573107, 0.052631206245480774, 0.05263165882872956, 0.05263085798042066, 0.0526320304293197, 0.0526307147448615, 0.052632237437889265, 0.05263179074283048, 0.05263200680032873, 0.05263211771550717, 0.05263162764356759, 0.052632002871690994, 0.05263153882275766, 0.05263183917646807, 0.05263112339766822, 0.052631953217604936, 0.052631151143347085], [0.052630101085357504, 0.05263116741934016, 0.05263250903045118, 0.05263097658376037, 0.052631707823884946, 0.052630414096208625, 0.05263230849348098, 0.052630182792230897, 0.052632642636491575, 0.05263192114850236, 0.052632270197764876, 0.05263244926692736, 0.05263165755710073, 0.052632263555030576, 0.05263151420655818, 0.05263199945754973, 0.052630843230820484, 0.0526321835683315, 0.052630887850208044], [0.05263505351137433, 0.05263254771998431, 0.052629392152088256, 0.05263299422122912, 0.05263127549788409, 0.052634317214287574, 0.052629864648890926, 0.052634861109808584, 0.05262907737929118, 0.05263077491534106, 0.05262995343572864, 0.05262953242271615, 0.05263139389008806, 0.05262996832071875, 0.05263173208871019, 0.05263059037497369, 0.05263330967687419, 0.052630157398516335, 0.05263320402149455], [0.05263154988622781, 0.05263157094113698, 0.052631597086853624, 0.05263156735061523, 0.052631581584111235, 0.05263155617056729, 0.05263159305556552, 0.052631551563514276, 0.05263159948152474, 0.05263158566399264, 0.05263159246251338, 0.05263159579849736, 0.052631580642938124, 0.052631592288765544, 0.05263157775717835, 0.052631587272214016, 0.052631564689778434, 0.052631590732042786, 0.05263156557196268], [0.05263030830029947, 0.05263122450560906, 0.052632378572166225, 0.05263106254844867, 0.05263169032024536, 0.05263057812878363, 0.052632204590239304, 0.052630379092385444, 0.05263249226310364, 0.05263187271486283, 0.05263217333701738, 0.05263232623476224, 0.052631647335396374, 0.05263216755213008, 0.05263152293979807, 0.05263194088596555, 0.05263094682042161, 0.0526320983284753, 0.052630985529889804], [0.05262866761615436, 0.052630767232664, 0.052633411015041674, 0.052630393891507414, 0.05263183351383052, 0.05262928495433149, 0.052633014535981876, 0.05262882909142532, 0.052633673968777356, 0.0526322525120429, 0.05263294084228222, 0.05263329297275985, 0.05263173447954987, 0.05263292822316961, 0.0526314507101991, 0.052632407490436295, 0.05263012930364526, 0.052632769747601484, 0.05263021789859937], [0.05262968121478113, 0.05263105015153469, 0.052632773422209476, 0.05263080592547897, 0.052631744595502294, 0.05263008336940594, 0.05263251520610436, 0.052629786333024134, 0.05263294452941193, 0.052632018173937534, 0.05263246668453582, 0.05263269624913972, 0.05263168014230559, 0.05263245809924657, 0.052631495597065106, 0.05263211909137977, 0.05263063429912021, 0.052632355201093856, 0.0526306917147229], [0.05262607570736408, 0.05263004482141926, 0.05263504244666052, 0.0526293373686304, 0.05263205955482403, 0.0526272419336371, 0.05263429412820256, 0.05262638045348055, 0.05263554062184811, 0.05263285250365669, 0.0526341534260259, 0.05263482007507191, 0.05263187213254454, 0.05263412964588862, 0.052631336621918545, 0.05263314479662723, 0.05262883809294434, 0.05263383038751751, 0.05262900528173811], [0.05263329984932665, 0.052632059357924026, 0.05263049589945218, 0.05263227896987671, 0.05263142826081295, 0.05263293474335607, 0.052630730851676306, 0.05263320423352961, 0.05263034030619438, 0.05263118105845864, 0.05263077375152004, 0.05263056569191798, 0.05263148686225483, 0.05263078093352218, 0.05263165519119071, 0.05263108918372075, 0.0526324362444932, 0.05263087506989511, 0.05263238354087767], [0.05263804077742794, 0.052633380427894685, 0.05262751231940841, 0.05263421101474877, 0.05263101456656804, 0.05263667143538655, 0.05262839068967336, 0.05263768300860672, 0.05262692666211283, 0.05263008356667474, 0.0526285560164369, 0.05262777289111569, 0.052631234814368724, 0.05262858357600799, 0.05263186362503121, 0.052629740543101176, 0.052634797688789446, 0.05262893519684791, 0.05263460117979898], [0.05263646757231539, 0.0526329419781124, 0.05262850225642544, 0.052633570211417444, 0.052631151986455064, 0.05263543162309476, 0.05262916693367603, 0.05263619688919434, 0.05262805920368775, 0.05263044768130757, 0.052629291914194666, 0.05262869946214457, 0.05263131860669233, 0.052629312763950276, 0.05263179441879632, 0.052630188102192554, 0.052634014127721444, 0.052629578833162875, 0.05263386543545882], [0.052631953869335175, 0.052631684153884764, 0.05263134292658197, 0.05263173089427132, 0.052631545879643755, 0.052631874080777394, 0.052631394767318714, 0.05263193283972873, 0.05263130904859769, 0.05263149251741588, 0.052631403389073544, 0.052631358256255374, 0.05263155866761307, 0.052631404739665016, 0.052631595942603165, 0.05263147219166396, 0.052631765978018365, 0.0526314256661565, 0.05263175419139554], [0.05263452749275011, 0.05263240149270082, 0.052629723228546345, 0.052632779196386904, 0.0526313211328671, 0.05263390231373162, 0.05263012498211928, 0.05263436395099593, 0.052629456488894194, 0.05263089690125256, 0.052630199452933894, 0.05262984261104352, 0.052631421539209224, 0.052630211997063026, 0.05263170918447571, 0.052630739890486396, 0.05263304763558933, 0.052630372793236395, 0.052632957715717577], [0.05264080529879827, 0.05263415069726587, 0.05262577231794319, 0.05263533726344393, 0.05263077329639427, 0.052638850191705805, 0.05262702660772011, 0.05264029446669453, 0.052624937137112374, 0.05262944367915263, 0.052627262816969785, 0.05262614510192465, 0.05263108749521302, 0.05262730279858764, 0.05263198502759918, 0.05262895376904481, 0.05263617393915116, 0.052627804315840424, 0.052635893779438364], [0.05263518516238774, 0.052632584367041074, 0.05262930916137509, 0.05263304794480921, 0.05263126407745403, 0.05263442101345455, 0.05262979964322327, 0.052634985476302645, 0.052628982725726484, 0.052630744428281126, 0.052629891830038564, 0.05262945496405188, 0.05263138688291776, 0.05262990745225187, 0.05263173783231714, 0.052630552844559926, 0.05263337508761344, 0.05263010356371051, 0.052633265542483654], [0.05263712505889449, 0.052633124746904285, 0.05262808828391313, 0.05263383881144077, 0.052631094942040504, 0.052635950137762, 0.05262884178784247, 0.05263681820493283, 0.052627585830847236, 0.052630295251013905, 0.05262898440069034, 0.05262831209859179, 0.05263128388775624, 0.05262900844685108, 0.05263182299859666, 0.0526300010319313, 0.05263434129195782, 0.05262930974739025, 0.052634173040642857], [0.052637401962566596, 0.052633202107699485, 0.052627914002534186, 0.05263395116284982, 0.052631070601725644, 0.052636168157533046, 0.0526287056462549, 0.05263707961111316, 0.052627386900168806, 0.05263023130386977, 0.05262885483859986, 0.05262814934467376, 0.052631268889874266, 0.052628880145117435, 0.052631835280192336, 0.05262992211055554, 0.05263447903532014, 0.052629196610368835, 0.05263430228898243], [0.05263340481739582, 0.05263208731785679, 0.052630429469480856, 0.0526323240690643, 0.05263142011776168, 0.05263301854436745, 0.05263067672740826, 0.05263330414223556, 0.052630263897128694, 0.052631155997716006, 0.05263072479796266, 0.05263050302423546, 0.052631482309362994, 0.05263073304695402, 0.05263165893512706, 0.05263105955579296, 0.05263248824336688, 0.05263083166885992, 0.05263243331792258], [0.052629675430391376, 0.05263104801790825, 0.052632776537963284, 0.05263080454615537, 0.052631745628919015, 0.052630079263404864, 0.052632517233389076, 0.052629781100959054, 0.052632948797552884, 0.05263201923235435, 0.05263246937351452, 0.05263269963616404, 0.05263168077211895, 0.05263246144942136, 0.052631494937806056, 0.052632120590420085, 0.05263063086980112, 0.05263235751126972, 0.052630689070486576], [0.05262897281813613, 0.05263085264594414, 0.05263321863398519, 0.0526305180978832, 0.05263180685784462, 0.05262952544856076, 0.052632864149040684, 0.05262911730733829, 0.05263345418614445, 0.05263218201816269, 0.052632797910981625, 0.052633113227537165, 0.05263171816339338, 0.052632786668087246, 0.05263146437640298, 0.052632320550130764, 0.0526302813821344, 0.05263264490796876, 0.05263036065032358], [0.05263748900015377, 0.052633225998891864, 0.0526278592374545, 0.05263398725908915, 0.052631063252281035, 0.052636237044422794, 0.05262866201895886, 0.052637162060364825, 0.05262732388783445, 0.0526302109355136, 0.05262881419033964, 0.05262809775890401, 0.052631264570317575, 0.05262883991895606, 0.052631838876453216, 0.0526298974827825, 0.0526345224244729, 0.05262916083948756, 0.0526343432433217], [0.052639719099062024, 0.05263384788404896, 0.052626455782049185, 0.05263489516384736, 0.05263086830147173, 0.05263799433557456, 0.052627562200021176, 0.05263926851485242, 0.052625718745509545, 0.05262969498594287, 0.05262777090984071, 0.05262678457261666, 0.052631145541179286, 0.052627806208838904, 0.05263193720451949, 0.052629262877465416, 0.05263563308418904, 0.05262824859081866, 0.05263538599815198], [0.05263128880305973, 0.052631497909795155, 0.05263176096592839, 0.05263146149476469, 0.05263160469812682, 0.05263135064330891, 0.05263172152264503, 0.052631305017042024, 0.05263178769164298, 0.05263164596177974, 0.05263171455730605, 0.052631749705660466, 0.052631594663358414, 0.05263171379274748, 0.05263156604123491, 0.05263166137058901, 0.0526314341851203, 0.05263169757694549, 0.05263144339894446], [0.05262639962536247, 0.05263013544988977, 0.05263483860806375, 0.052629468880366376, 0.052632031076639274, 0.05262749701841982, 0.052634134742925894, 0.05262668629406096, 0.05263530747009749, 0.052632777711558644, 0.05263400182639156, 0.05263462938479512, 0.05263185470305795, 0.05263397928813388, 0.0526313511190027, 0.05263305260118448, 0.05262899957043335, 0.05263369792830078, 0.052629156701315724], [0.05263085110923873, 0.05263137573075269, 0.05263203667777893, 0.05263128382647783, 0.05263164306197382, 0.05263100599443509, 0.052631936695438586, 0.05263089184654039, 0.05263210175199195, 0.052631747065855224, 0.05263191936319262, 0.0526320067113687, 0.05263161842024825, 0.05263191626272314, 0.05263154674340585, 0.052631786292602616, 0.05263121685033044, 0.05263187631395528, 0.052631239281689855], [0.052631358867298646, 0.052631517277218806, 0.0526317172383091, 0.052631490755516847, 0.05263159871608843, 0.05263140620371749, 0.052631686004089996, 0.05263137155725256, 0.05263173588261337, 0.052631629528463016, 0.05263168184164389, 0.05263170741893406, 0.052631591481391266, 0.05263168073067877, 0.052631569134320266, 0.052631641955067004, 0.05263147000074265, 0.05263166848271376, 0.05263147692394005], [0.05263578277241194, 0.05263275063602085, 0.052628933036075784, 0.05263329198810823, 0.0526312121347332, 0.052634892267394644, 0.052629504137009044, 0.05263555021488938, 0.0526285521401582, 0.05263060592098593, 0.05262961231410092, 0.052629102667794934, 0.05263135535794063, 0.052629630554851425, 0.052631763943923986, 0.05263038293545813, 0.05263367278647513, 0.05262985891103262, 0.05263354528063504], [0.05263057306160581, 0.052631298917903135, 0.05263221147531136, 0.052631169620330806, 0.052631667002595674, 0.05263078644218138, 0.05263207494182667, 0.05263062882714615, 0.05263230238430034, 0.05263181179489801, 0.05263204926376176, 0.052632170926613965, 0.052631632764845795, 0.052632044937137745, 0.0526315349486031, 0.05263186515060824, 0.05263107832884259, 0.052631990309938, 0.05263110890154949], [0.052639058375165665, 0.052633663862008205, 0.05262687176119273, 0.05263462550703514, 0.05263092577442429, 0.05263747337794272, 0.05262788870894989, 0.05263864421362306, 0.05262619474417092, 0.05262984802568968, 0.05262808002258022, 0.052627173995747525, 0.05263118048278016, 0.05262811238844197, 0.05263190820896761, 0.05262945080449499, 0.052635303944973004, 0.052628519035538744, 0.05263507676627346], [0.052626817973781714, 0.05263025226263461, 0.05263457520393297, 0.05262963947248322, 0.052631994602003095, 0.05262782681660473, 0.052633928139262307, 0.05262708154038749, 0.05263500577082055, 0.05263268091680242, 0.05263380602485104, 0.05263438263681124, 0.05263183257660324, 0.05263378511969296, 0.05263136971059897, 0.05263293366918962, 0.052629208291561945, 0.052633526641985756, 0.05262935262999211], [0.05263854664117473, 0.05263352107945071, 0.052627193791570756, 0.052634417123769456, 0.052630970510369676, 0.052637070110218266, 0.05262814115414938, 0.05263816082222518, 0.05262656333166035, 0.05262996641218446, 0.052628319443008734, 0.0526274755068863, 0.05263120772747963, 0.052628349749982914, 0.05263188556841722, 0.052629596353683195, 0.05263504888465303, 0.05262872843234206, 0.052634837356773934], [0.052635751478261716, 0.052632742105458964, 0.05262895285136886, 0.052633278517308243, 0.05263121458319266, 0.05263486726040219, 0.05262952032611522, 0.05263552040678455, 0.05262857533037546, 0.05263061334792288, 0.052629626971940936, 0.05262912161748612, 0.0526313566339109, 0.052629645109542454, 0.052631762658553606, 0.052630391671574635, 0.052633656947071325, 0.05262987194425826, 0.05263353023847103], [0.05263924355815189, 0.05263371523053162, 0.05262675508076495, 0.05263470168082751, 0.052630909906535836, 0.05263761966961368, 0.05262779658444734, 0.052638819389377665, 0.05262606087619134, 0.05262980496824892, 0.05262799338736559, 0.05262706447927613, 0.052631170996585624, 0.05262802659488145, 0.05263191621851103, 0.052629398253446015, 0.05263539633026385, 0.05262844306615055, 0.05263516372882899], [0.05263701762352457, 0.052633094905519186, 0.052628155809378165, 0.0526337948767889, 0.052631104280131576, 0.052635865391180266, 0.052628895012810525, 0.0526367166375807, 0.052627663368205985, 0.0526303201846523, 0.05262903462276873, 0.05262837553423962, 0.05263128950101425, 0.05262905828851316, 0.05263181832495439, 0.0526300315076118, 0.052634287677372285, 0.05262935377432797, 0.05263412267942561], [0.052632419804169515, 0.05263181359974267, 0.052631049424754696, 0.05263192137310241, 0.052631505542873686, 0.052632241596225746, 0.052631164259350896, 0.052632373157739734, 0.05263097369339904, 0.052631384467125376, 0.052631185447386604, 0.052631083814715145, 0.05263153408171137, 0.05263118924207841, 0.05263161612841211, 0.05263133955750423, 0.05263199767312292, 0.052631234992947015, 0.05263197214363845], [0.05263925233755175, 0.05263371791393572, 0.05262674975905869, 0.05263470467779422, 0.05263090886698416, 0.05263762631764625, 0.052627792795915465, 0.05263882751492277, 0.052626054781093626, 0.052629803096046354, 0.052627989288144335, 0.05262705951800411, 0.05263117027655634, 0.05262802234131386, 0.052631916766112626, 0.052629395734504134, 0.05263540077403342, 0.05262843958134246, 0.05263516765903968], [0.052633380579319336, 0.05263208141454124, 0.052630444964394923, 0.05263231295647883, 0.052631421652736675, 0.05263299888224845, 0.05263068987818938, 0.052633280870214454, 0.052630281406957774, 0.05263116205134639, 0.05263073601436676, 0.05263051749530444, 0.05263148312168527, 0.052630743597571375, 0.05263165848126324, 0.0526310664358989, 0.05263247665400466, 0.05263084173653402, 0.05263242180694388], [0.05263431879401758, 0.05263234280497789, 0.052629854246443786, 0.05263269522988218, 0.05263133984866497, 0.05263373832621506, 0.052630226967216254, 0.05263416711194342, 0.0526296064359471, 0.05263094489076367, 0.0526302970973379, 0.05262996522118555, 0.0526314330893995, 0.052630309136611764, 0.05263169963920894, 0.052630799297322985, 0.05263294348155551, 0.052630458003520085, 0.052632860377785834], [0.05263288537275253, 0.05263194354438129, 0.052630756750885625, 0.05263211043970527, 0.05263146459210079, 0.05263260822945628, 0.05263093505120254, 0.0526328128059435, 0.05263063872598928, 0.05263127684755947, 0.05263096771093168, 0.052630809782885674, 0.05263150905227617, 0.052630973241259614, 0.05263163674435357, 0.05263120712474261, 0.052632229655996406, 0.05263104460992039, 0.05263218971765735], [0.05263916981694715, 0.05263369473054604, 0.0526268015276123, 0.05263467127177191, 0.05263091621233298, 0.05263756137565587, 0.05262783336905047, 0.052638749595074794, 0.05262611441974206, 0.05262982212077225, 0.05262802789939325, 0.05262710825537562, 0.05263117469957706, 0.05262806088570692, 0.052631912978664284, 0.052629419111877435, 0.05263535937114713, 0.05262847338241224, 0.05263512897634022], [0.05263389913142945, 0.05263222565833577, 0.05263011845245644, 0.05263252485738007, 0.05263137667132807, 0.05263340786300785, 0.05263043336407923, 0.05263377092162352, 0.05262990779773455, 0.05263104184434312, 0.052630493447033695, 0.05263021180811349, 0.05263145580924983, 0.05263050343174347, 0.05263168110907009, 0.05263091895772246, 0.05263273488284042, 0.05263062944593849, 0.052632664546569986], [0.05262925128699037, 0.05263093025672901, 0.05263304370644575, 0.052630630664653705, 0.052631782188191145, 0.052629744480570596, 0.05263272761020839, 0.05262938008682991, 0.0526332547438115, 0.052632117713931864, 0.05263266777467711, 0.052632949969669184, 0.052631702838667346, 0.052632657816458164, 0.05263147656449163, 0.05263224112846945, 0.052630419591108465, 0.0526325312934597, 0.052630490284636684], [0.052632832274571086, 0.052631928357053534, 0.05263078990132839, 0.05263208968866203, 0.052631469631765265, 0.052632566794263674, 0.05263096041111429, 0.05263276290807197, 0.05263067660736343, 0.05263128888671572, 0.052630992548942074, 0.05263084073635899, 0.052631512262327464, 0.05263099812714558, 0.05263163414560539, 0.05263122228141814, 0.052632203115595785, 0.052631066166860016, 0.05263216515483716], [0.052631358867298646, 0.052631517277218806, 0.0526317172383091, 0.052631490755516847, 0.05263159871608843, 0.05263140620371749, 0.052631686004089996, 0.05263137155725256, 0.05263173588261337, 0.052631629528463016, 0.05263168184164389, 0.05263170741893406, 0.052631591481391266, 0.05263168073067877, 0.052631569134320266, 0.052631641955067004, 0.05263147000074265, 0.05263166848271376, 0.05263147692394005], [0.052637586074231246, 0.05263325360624505, 0.0526277982930801, 0.052634025884281815, 0.05263105436549799, 0.05263631312991651, 0.05262861502615555, 0.052637253468439386, 0.05262725425103854, 0.05263018878212576, 0.05262876870515156, 0.052628040865287905, 0.05263125900596161, 0.052628794566345054, 0.05263184352789462, 0.05262986979213807, 0.052634570957174165, 0.052629121283974685, 0.05263438841506037], [0.052634081133083876, 0.052632277183841426, 0.05263000385802403, 0.05263259764811683, 0.052631360258097115, 0.05263355068093368, 0.05263034500756066, 0.05263394235777952, 0.05262977752902891, 0.05263100019935612, 0.052630408154756614, 0.05263010530074017, 0.05263144545093819, 0.05263041884617669, 0.05263168962285301, 0.052630866875028444, 0.05263282542613108, 0.05263055533225802, 0.05263274913529566], [0.05263150028755252, 0.052631557452322356, 0.052631628465465694, 0.052631546999556356, 0.052631585771301954, 0.05263151702686315, 0.05263161758156455, 0.052631504713739785, 0.052631634552123295, 0.052631597240409576, 0.052631615607255725, 0.05263162460475539, 0.05263158335372913, 0.05263161472865317, 0.052631575869259775, 0.05263160158675708, 0.05263154060410806, 0.05263161088691851, 0.0526315426676639], [0.05263122841445501, 0.05263148153342082, 0.0526317993508179, 0.05263143579912453, 0.05263160945687518, 0.052631302537288406, 0.052631752350681175, 0.05263124765423977, 0.05263183158194966, 0.05263166024021922, 0.05263174282204624, 0.05263178566057475, 0.0526315974059511, 0.052631741426528954, 0.05263156369480584, 0.05263167851222533, 0.05263140424675192, 0.05263172248446701, 0.05263141482757725], [0.05263063775379359, 0.052631316786664155, 0.05263217121173345, 0.05263119530241978, 0.05263166104689849, 0.052630837084762794, 0.05263204363068653, 0.052630689759459046, 0.052632256646114255, 0.05263179687657855, 0.05263201918576441, 0.052632133410702914, 0.05263162894530074, 0.05263201513612854, 0.052631537639666076, 0.05263184666076026, 0.05263111016732608, 0.05263196407761886, 0.05263113867762151], [0.05263576876636015, 0.05263274713173256, 0.05262894202605562, 0.05263328510234737, 0.052631212884601694, 0.052634880671756874, 0.05262951226618945, 0.05263553658290159, 0.052628563165184945, 0.05263060948696592, 0.052629618863813385, 0.05262911167678211, 0.05263135548774539, 0.052629637032265926, 0.05263176354836064, 0.05263038667265932, 0.0526336655114953, 0.052629864989019254, 0.05263353813376253], [0.052630835496052644, 0.05263137187009535, 0.05263204675282906, 0.052631275975456325, 0.0526316438257146, 0.05263099298291459, 0.05263194593156691, 0.05263087659777557, 0.052632114173151015, 0.052631751079485416, 0.05263192668091163, 0.05263201685402746, 0.052631618482018354, 0.05263192347171059, 0.052631546326876916, 0.05263179043242097, 0.05263120870187392, 0.052631883135974965, 0.05263123122914374], [0.05263378132720117, 0.05263219312376877, 0.05263019286148946, 0.05263247577032803, 0.05263138649685886, 0.05263331449929734, 0.05263049259151825, 0.05263365928395702, 0.05262999347615579, 0.052631069384640405, 0.05263054859326972, 0.05263028188527054, 0.05263146151705752, 0.05263055800748967, 0.05263167608601077, 0.0526309522856051, 0.052632675953100644, 0.05263067795510731, 0.052632608901873636], [0.052633451133627704, 0.052632101344955204, 0.052630400596414245, 0.05263234130791798, 0.05263141532184373, 0.05263305430875465, 0.05263065545811074, 0.0526333473904977, 0.05263023069777567, 0.05263114586377838, 0.052630702964301904, 0.05263047604650483, 0.05263147920035502, 0.052630710731561045, 0.052631661769377856, 0.05263104632656375, 0.0526325118833152, 0.05263081293766163, 0.05263245471668273], [0.05263625748074384, 0.052632883366851645, 0.052628634395985786, 0.052633484289788174, 0.05263117025964567, 0.0526352658792184, 0.05262927102743479, 0.05263599827179483, 0.05262821122276606, 0.05263049636585697, 0.0526293902219035, 0.05262882375270685, 0.05263132952063467, 0.05262941050247974, 0.052631785072538365, 0.05263024763660246, 0.05263390895941194, 0.052629665011117266, 0.05263376676251902], [0.052633418924133674, 0.052632091976243675, 0.05263042054098403, 0.052632328650346394, 0.05263141843216542, 0.05263302913002933, 0.05263067101327791, 0.052633317047030885, 0.0526302543218504, 0.05263115315413338, 0.052630718056955, 0.05263049526176935, 0.05263148099673375, 0.05263072625871608, 0.05263166002389292, 0.05263105529850705, 0.05263249523939661, 0.0526308261818388, 0.052632439491995295], [0.05263612725953356, 0.052632847034048615, 0.05262871632535905, 0.0526334312075894, 0.05263118163329067, 0.0526351632317392, 0.052629335338285614, 0.052635875237492816, 0.052628305131300616, 0.05263052650321708, 0.052629451150123574, 0.05262890055971985, 0.05263133641244646, 0.05262947095519698, 0.05263177930195185, 0.052630284636130044, 0.05263384397483341, 0.052629718330684146, 0.05263370577705702], [0.05263439714863558, 0.0526323648451276, 0.05262980521577165, 0.05263272646220256, 0.05263133268793439, 0.052633799747879434, 0.052630188949584183, 0.05263424093402984, 0.052629550402913755, 0.052630926916809845, 0.05263026049101729, 0.052629919379735254, 0.052631428607335544, 0.05263027267731782, 0.05263170321511579, 0.052630776966874925, 0.05263298249495457, 0.05263042609590865, 0.05263289676085136], [0.052631669046572474, 0.0526316044842626, 0.05263152213914058, 0.052631614900336056, 0.0526315708148298, 0.05263164961090376, 0.052631535327356, 0.0526316637680003, 0.05263151464183427, 0.05263155836276396, 0.05263153670514365, 0.05263152635987167, 0.05263157374844991, 0.052631537163103856, 0.05263158316494539, 0.052631553085025054, 0.05263162363850835, 0.052631542316066884, 0.05263162072288539], [0.05263367436442607, 0.05263216392330407, 0.05263026008715331, 0.05263243141260843, 0.052631395529297076, 0.05263322984874844, 0.052630546216553886, 0.052633557955930756, 0.05263007070338607, 0.052631094457292825, 0.0526305984906849, 0.05263034514695223, 0.05263146686296475, 0.05263060729921281, 0.052631671791160274, 0.05263098257295785, 0.052632622790540595, 0.05263072187572626, 0.05263255867109943], [0.052638776104092816, 0.0526335857955018, 0.05262704957775764, 0.05263450930219559, 0.05263094990440305, 0.05263725035397454, 0.05262802922330909, 0.052638377166540275, 0.05262639854781835, 0.052629913738164454, 0.05262821200525593, 0.05262734078709518, 0.05263119494533143, 0.052628242934143914, 0.05263189618316751, 0.05262953094735236, 0.052635163367864654, 0.05262863479582272, 0.05263494432020873], [0.052644365093460356, 0.052635143329483394, 0.05262353248797649, 0.0526367855513726, 0.052630461698291796, 0.05264165479435782, 0.05262527194335596, 0.05264365660773222, 0.05262237603379896, 0.05262862023747564, 0.05262559764795465, 0.05262404973358729, 0.05263089695833557, 0.05262565295273139, 0.052632141885780824, 0.052627940605689316, 0.052637946334739776, 0.05262634847143638, 0.05263755763243958], [0.052633004603588586, 0.05263197651894578, 0.05263068108642411, 0.052632159928291664, 0.05263145467747102, 0.0526327026372315, 0.05263087545921571, 0.05263292564116986, 0.05263055271271517, 0.05263124906276261, 0.0526309118184649, 0.05263073938089015, 0.05263150304005802, 0.052630918419499136, 0.05263164179004691, 0.05263117308109387, 0.052632288746277005, 0.05263099572561671, 0.05263224567023729], [0.05264095107746703, 0.05263419175182947, 0.052625680879169676, 0.05263539585763721, 0.052630760173922306, 0.05263896471348574, 0.052626955395254756, 0.05264043196084977, 0.052624832268886076, 0.052629410176683475, 0.05262719461326691, 0.052626059373922146, 0.05263107943436143, 0.052627234815332276, 0.05263199175174404, 0.0526289123281643, 0.05263624683337073, 0.05262774476719141, 0.05263596182746124], [0.05264027225207085, 0.05263400262709396, 0.052626107996664985, 0.052635119248511913, 0.052630819437183854, 0.05263842969391566, 0.05262729046692762, 0.052639790666526104, 0.05262532105219172, 0.05262956732814958, 0.05262751213174347, 0.05262645926393735, 0.05263111552923497, 0.052627549467305745, 0.05263196192451692, 0.05262910540216284, 0.052635908684112456, 0.052628022531034484, 0.05263564429671549], [0.052633143666736486, 0.052632015400437236, 0.052630594242938165, 0.05263221641182822, 0.05263144227195451, 0.0526328121542353, 0.05263080674149032, 0.0526330570992975, 0.0526304517370183, 0.052631216879529985, 0.0526308468694268, 0.05263065687409132, 0.05263149577579867, 0.05263085321157551, 0.05263164809630265, 0.052631133960349435, 0.0526323588890927, 0.05263093860262935, 0.052632311115267526], [0.05264382684819094, 0.05263499383071827, 0.05262387140224649, 0.052636565662827484, 0.052630508374031826, 0.05264123032124293, 0.052625538099603596, 0.05264314798734036, 0.05262276329309677, 0.05262874504898305, 0.052625849362966215, 0.05262436667034997, 0.05263092543180222, 0.05262590188833937, 0.0526321185969721, 0.052628093818334554, 0.05263767872648201, 0.05262656869574777, 0.05263730594072407], [0.052634916548044954, 0.05263250971833783, 0.05262947826752796, 0.05263293912117775, 0.052631287659442444, 0.05263420962492648, 0.052629931443744955, 0.05263473199715901, 0.05262917459222669, 0.05263080652709395, 0.0526300173803575, 0.0526296121095346, 0.05263140168975225, 0.052630031214197424, 0.0526317262870373, 0.05263062970007439, 0.05263324235386177, 0.052630213041963934, 0.05263314072353877], [0.052630866912153386, 0.0526313808932697, 0.05263202683001291, 0.05263128905849075, 0.05263164117006133, 0.05263101789879634, 0.05263193012438901, 0.052630906373495705, 0.05263209076033091, 0.052631743832351786, 0.05263191185227488, 0.052631997815012294, 0.052631617048454996, 0.05263190851537026, 0.05263154795138015, 0.052631781651038836, 0.05263122489207337, 0.05263187008063445, 0.0526312463404089], [0.052633145659863656, 0.05263201616536118, 0.05263059292292449, 0.05263221652031772, 0.05263144187402627, 0.05263281338986273, 0.05263080655999281, 0.052633058704915366, 0.05263045115006054, 0.05263121661542045, 0.052630845920954156, 0.05263065634975449, 0.052631495244417154, 0.05263085249335111, 0.052631648263578364, 0.0526311331118187, 0.05263235943248022, 0.05263093807245693, 0.05263231154844367], [0.05263180602349822, 0.05263164258499481, 0.0526314358947751, 0.05263167096347734, 0.052631558957153886, 0.05263175768993631, 0.05263146746237059, 0.052631793252613246, 0.05263141579848027, 0.05263152659352457, 0.052631472621824764, 0.052631445502741105, 0.05263156659332883, 0.05263147366288397, 0.05263158915348566, 0.05263151417382147, 0.05263169194984973, 0.05263148619176733, 0.052631684929472795], [0.05263763001576444, 0.05263326634611196, 0.05262777094968758, 0.05263404247839668, 0.052631049967412975, 0.052636347143801054, 0.05262859464015835, 0.05263729456443472, 0.05262722340743227, 0.05263017896947927, 0.052628748160793645, 0.05262801564721454, 0.05263125604260598, 0.05262877399586801, 0.052631845765796895, 0.0526298571182781, 0.05263459273446118, 0.05262910362449235, 0.05263440842780992], [0.052636903405850616, 0.05263306362990069, 0.052628228188973177, 0.052633746886457326, 0.052631113577203556, 0.05263577468785893, 0.05262895275694722, 0.05263660831339256, 0.05262774625590866, 0.0526303470115655, 0.05262908808598921, 0.05262844339251762, 0.05263129493194314, 0.05262911082927852, 0.05263181367099905, 0.052630063922373696, 0.05263423088469052, 0.05262940079658823, 0.05263406877156178], [0.05263550732799567, 0.052632674351949, 0.05262910656119686, 0.052633178858107685, 0.05263123577768533, 0.05263467476186349, 0.05262964096102462, 0.05263528972680642, 0.05262875076784967, 0.05263066996330592, 0.0526297411219939, 0.052629265227147226, 0.052631369619991354, 0.05262975791628382, 0.05263175215325737, 0.05263046122134638, 0.05263353571331344, 0.052629971780011636, 0.0526334161888702], [0.05264260474394902, 0.05263465250318475, 0.052624640353229925, 0.05263606886119651, 0.052630615558430224, 0.05264026764840936, 0.05262614010551798, 0.052641993860541914, 0.05262364294148611, 0.05262902752280686, 0.05262642116473155, 0.052625086225292265, 0.05263099093288627, 0.052626468813405505, 0.05263206432634339, 0.0526284415778664, 0.052637069743211015, 0.052627068536068085, 0.052636734581442815], [0.05263828485632481, 0.052633448326584474, 0.05262735861547924, 0.05263431030015072, 0.052630993259613935, 0.052636863717881906, 0.052628270475560804, 0.0526379134892434, 0.05262675157706672, 0.05263002708154988, 0.05262844187075633, 0.05262762956967395, 0.052631221642344406, 0.05262847082040276, 0.05263187421951426, 0.052629670900642654, 0.0526349187652942, 0.05262883550436366, 0.052634715007551854], [0.05263914329020511, 0.0526336870051512, 0.05262681811786028, 0.052634660977651626, 0.05263091876513984, 0.05263754070333796, 0.052627845963709, 0.05263872469170326, 0.052626133455967096, 0.052629828083982505, 0.05262804034854227, 0.05262712377790031, 0.05263117631352837, 0.05262807343833366, 0.05263191157545796, 0.052629426673391384, 0.052635345992213894, 0.052628484165309464, 0.052635116660614815], [0.052634517883007007, 0.05263239830500812, 0.05262972921477833, 0.05263277657213803, 0.052631322464482044, 0.05263389534314588, 0.05263012835210945, 0.05263435533570651, 0.05262946234643716, 0.0526308987385583, 0.05263020400007832, 0.0526298474044091, 0.052631422742307435, 0.052630216437173444, 0.052631708477643833, 0.052630742950777486, 0.0526330432151676, 0.05263037632754701, 0.052632953889525], [0.05263102011054876, 0.05263142348177289, 0.05263193005217927, 0.05263135183052509, 0.05263162803055261, 0.05263113880451481, 0.05263185428546303, 0.05263105114723157, 0.052631980581328945, 0.05263170830070578, 0.052631840132481844, 0.05263190763311685, 0.052631608992233916, 0.0526318378221657, 0.05263155458510569, 0.052631737928200716, 0.052631300895834766, 0.05263180741415966, 0.05263131797187814], [0.05263798147225784, 0.052633364321103826, 0.05262754940664263, 0.052634186153204955, 0.05263101953127587, 0.052636624378823854, 0.052628420786327824, 0.052637626686443756, 0.052626970006987066, 0.052630097563842175, 0.05262858363705004, 0.05262780836717218, 0.052631237562264406, 0.05262861113830292, 0.05263186125387675, 0.05262975712102896, 0.05263476785794099, 0.05262895971464266, 0.05263457304081129], [0.05263009033460242, 0.052631164030683984, 0.05263251507888245, 0.05263097418571914, 0.05263170963614433, 0.05263040657483888, 0.0526323118853814, 0.052630173236004094, 0.052632648816344066, 0.05263192319750766, 0.05263227506917461, 0.05263245437847729, 0.05263165912994074, 0.052632268606070905, 0.05263151353607299, 0.052632002770763485, 0.052630838302285606, 0.05263218742525215, 0.05263088380585373], [0.0526387242355204, 0.052633571229267394, 0.05262708217655921, 0.052634488744340534, 0.05263095463858423, 0.05263720975142296, 0.05262805419679732, 0.05263832838001961, 0.052626435209278365, 0.05262992560288384, 0.05262823625469163, 0.0526273708207986, 0.052631198049118824, 0.052628266817900206, 0.052631893872644095, 0.05262954589286106, 0.05263513787450406, 0.052628655793447325, 0.05263492045936043], [0.05264017145605912, 0.05263397476349798, 0.05262617134842081, 0.052635077955946734, 0.052630828157579246, 0.0526383501541794, 0.052627340468859515, 0.0526396953568338, 0.05262539365941085, 0.05262959076648611, 0.05262755921941235, 0.052626518697941625, 0.05263112079486653, 0.05262759608875832, 0.05263195764438233, 0.05262913402170097, 0.0526358585248349, 0.05262806381626337, 0.05263559710456601], [0.05261894224988295, 0.05262805577316216, 0.052639532847309496, 0.05262643073762057, 0.05263268203390787, 0.052621619631745144, 0.05263781450677509, 0.05261964177879939, 0.05264067727577462, 0.052634503328042724, 0.05263749094054661, 0.05263902227770799, 0.05263225158968754, 0.05263743629422413, 0.05263102211860738, 0.05263517441357219, 0.05262528464082894, 0.05263674913999317, 0.05262566842181205], [0.05263195042227471, 0.05263168315203796, 0.052631344962036274, 0.05263172933710598, 0.05263154618053659, 0.05263187128614549, 0.052631396704817285, 0.052631929490186406, 0.052631312046041615, 0.052631493346327725, 0.0526314050027037, 0.05263136065212012, 0.052631558691785735, 0.05263140662689756, 0.052631595715139985, 0.052631472987063395, 0.0526317638654091, 0.052631427223330994, 0.052631752308039376], [0.05263881938860456, 0.05263359734891224, 0.05262702221149896, 0.052634527716422574, 0.05263094647960496, 0.052637284822233434, 0.052628007098309386, 0.05263841829976125, 0.05262636725998495, 0.052629903445528876, 0.05262819182976122, 0.05262731511171585, 0.052631192958996265, 0.05262822323821737, 0.05263189772850871, 0.05262951867351719, 0.05263518470157447, 0.052628616969032434, 0.05263496471781526], [0.052638890004115105, 0.052633617218964784, 0.05262697781904328, 0.05263455614460009, 0.0526309401671506, 0.05263734031951933, 0.05262797259266379, 0.052638484896741174, 0.052626316551721515, 0.05262988721382478, 0.05262815877308907, 0.05262727364807919, 0