[[0.062492554358268046, 0.06250132507688799, 0.06252195399908934, 0.06249029894047235, 0.06251458827171806, 0.06251169440333915, 0.06250030837881881, 0.06249147110517616, 0.06249773801127787, 0.06251108129444789, 0.06245352122164786, 0.06251757927915169, 0.06250162948876896, 0.062497026738783344, 0.06247522882836859, 0.06252200060378388], [0.06250455066026236, 0.06249987895363475, 0.06250053860080833, 0.06250043125620962, 0.06250031890362046, 0.06249635488000933, 0.06249831843492035, 0.062499579146077976, 0.06250001320181992, 0.0625001663695367, 0.062495347872953556, 0.06250221524747607, 0.0625035021567116, 0.06249942166912378, 0.06249677204948531, 0.06250259059734993], [0.06251427021517947, 0.062498224809410995, 0.06247338683156893, 0.06251250538545627, 0.062482266402669615, 0.062481441132515976, 0.062497747366014066, 0.06251010587254804, 0.06250281839267284, 0.06248644355556458, 0.06255249020765484, 0.06248066569528075, 0.06250185452423124, 0.06250304267617386, 0.06252713324516318, 0.06247560368789534], [0.06251062360240485, 0.06249868578910175, 0.06248038098235943, 0.06250923227099682, 0.06248692572576117, 0.06248623394369317, 0.06249830120201454, 0.06250744407231787, 0.06250207743434914, 0.062490003294947125, 0.06253862576692133, 0.062485785706555975, 0.06250144288287665, 0.06250223041274604, 0.06251994639266878, 0.06248206052028536], [0.06250087970643085, 0.06249922682471867, 0.06248459419741905, 0.06250619762789929, 0.06248980982907442, 0.06249542641172799, 0.06250135331541866, 0.06250618723365507, 0.0625015378946959, 0.06249233505418832, 0.06253572887742273, 0.06248602990104827, 0.062495687761664295, 0.0625025648061137, 0.06251976588815299, 0.06248267467036982], [0.06248412006085652, 0.06250254127686461, 0.06254118107847145, 0.06248152396469945, 0.06252739055669762, 0.0625235836068508, 0.06250127392342296, 0.062484083342972195, 0.06249572567222145, 0.06252083929571461, 0.06241418055930937, 0.06253225006341379, 0.06250166417375054, 0.062494627816127434, 0.06245458253488765, 0.06254043207373955], [0.06249816564603003, 0.06250060767200383, 0.062511113595377, 0.062495362738404774, 0.0625073683084032, 0.06250430937064513, 0.06249946447674092, 0.06249559579070198, 0.06249888266125385, 0.06250556570259659, 0.06247504127723487, 0.0625096286266972, 0.06250223978821483, 0.06249828774754219, 0.06248639024623981, 0.06251197635191381], [0.06252285804928984, 0.06249525219772764, 0.06241889772459998, 0.06253518708031658, 0.06244612525362677, 0.06246056402628615, 0.06250048794329258, 0.06253171337265373, 0.0625082831309698, 0.06245914332493589, 0.06267530152096155, 0.06243331202074105, 0.0624905666348062, 0.06251146802684661, 0.06259411209056323, 0.06241672760238242], [0.06251523668615573, 0.06249640938756326, 0.06243697419611902, 0.06252698422179158, 0.06245818303145543, 0.06247155405520205, 0.06250132490757901, 0.06252476576400424, 0.06250641731847366, 0.062468340297772484, 0.06263786850876497, 0.062447225445575495, 0.062490844820072784, 0.06250920490146207, 0.06257448721271082, 0.06243417924529736], [0.062498109767664276, 0.06250042800815, 0.06250719694204193, 0.0624969053279314, 0.06250477665046508, 0.06250335352111958, 0.06249990637049459, 0.062497185945958926, 0.06249927525476107, 0.06250362068207294, 0.06248433604169388, 0.06250597308476638, 0.06250093610385617, 0.062498973157702316, 0.062491571387867276, 0.06250745175345412], [0.06249921281946664, 0.06249982547048764, 0.06249513579678578, 0.06250183049431891, 0.062496786073366124, 0.06249936110769297, 0.06250080969332096, 0.06250202096264305, 0.06250049675179234, 0.06249760253126863, 0.06251202699219599, 0.062495197011456866, 0.06249785579920753, 0.06250094290881118, 0.06250682244939146, 0.062494073137793905], [0.06249000204628694, 0.06250119285991716, 0.06251723160958246, 0.062491802690196975, 0.06251149973727871, 0.06251266938169775, 0.06250175021887204, 0.06249350078068357, 0.06249818037912395, 0.06250880947558797, 0.06246645711654867, 0.06251223484904156, 0.06249825249818157, 0.062498127715344444, 0.06248282796489189, 0.06251546067676428], [0.06248740064145872, 0.06250221175075373, 0.06253669046655924, 0.0624837650866012, 0.0625243714003636, 0.06251963998038718, 0.06250055476942222, 0.06248574933774813, 0.06249620994147457, 0.06251851047162908, 0.062422526442394995, 0.06252931945604114, 0.06250260077244213, 0.0624950382442109, 0.06245870544425966, 0.06253670579425351], [0.06247852353515446, 0.06250308995978895, 0.06254858264964314, 0.06247781626634248, 0.06253233912325072, 0.06253011252885333, 0.06250248718989347, 0.06248134704305235, 0.06249492039869319, 0.06252464966772366, 0.06240076361266248, 0.06253701151771805, 0.06249995840127562, 0.06249395849143226, 0.062447932513178844, 0.06254650710133694], [0.062478399974359305, 0.06250344142350488, 0.06255584476112988, 0.062474936941417036, 0.06253713265814326, 0.0625319965743017, 0.06250173365257738, 0.06247841560479944, 0.06249419585385945, 0.0625282474672598, 0.06238376462066138, 0.06254370756150031, 0.0625021989516671, 0.062492712693847985, 0.0624384657768489, 0.06255480548412222], [0.06247460030572341, 0.06250355679230063, 0.06255537270605409, 0.062474589139843786, 0.06253686592008795, 0.06253507862072036, 0.06250316487286492, 0.0624787843566583, 0.062494200973074614, 0.06252811534255574, 0.06238756995504123, 0.06254183702953081, 0.06249927723582937, 0.06249321556966635, 0.062441164456617675, 0.06255260672343076], [0.062481515041099736, 0.06250285624576758, 0.06254548200998412, 0.06247946953626312, 0.06253026535738426, 0.06252683177683463, 0.06250175864422076, 0.06248247366677749, 0.06249528111184697, 0.06252304639683767, 0.06240583462724451, 0.06253526500829738, 0.06250115033440526, 0.06249418235420727, 0.062450346287961506, 0.06254424160086768], [0.062490383297970485, 0.06250179465404918, 0.06252996906133268, 0.062486832684999306, 0.06251991899170037, 0.06251554356642462, 0.06250023900077008, 0.06248833443577041, 0.062496924165419764, 0.06251512539298723, 0.062436076111878076, 0.06252420380826966, 0.06250263228012347, 0.062495889045356565, 0.062465867979867085, 0.06253026552308107], [0.06249179000882267, 0.06250073168045706, 0.06250888868811373, 0.06249533853282307, 0.06250598391929137, 0.06250916260839033, 0.0625020332807061, 0.06249679229895591, 0.06249903413801805, 0.06250464413741029, 0.06248474239500961, 0.0625051621901041, 0.06249688694424816, 0.0624993825960007, 0.06249278755251529, 0.06250663902913353], [0.06250111135794799, 0.06250018519772009, 0.06250442549081697, 0.062498405649785906, 0.06250294106373334, 0.0625002786768886, 0.0624991600580332, 0.06249816440979647, 0.06249958708956927, 0.06250220004721417, 0.06248853934435661, 0.06250452714163723, 0.06250225668620803, 0.06249913299790396, 0.06249352909165212, 0.06250555569673605], [0.06251555139538209, 0.06249676027295563, 0.06244452034466832, 0.06252405750638317, 0.062463156232845145, 0.06247312964264478, 0.06250037908313458, 0.06252170066287785, 0.06250567048238313, 0.062472064425454284, 0.06261990434959826, 0.062454348187728645, 0.06249349172484271, 0.0625078616836685, 0.06256441097973839, 0.06244299302569456], [0.06251633103067852, 0.062496126683978616, 0.062432091396735744, 0.06252905653843785, 0.062454947265272065, 0.062469446562003046, 0.06250146043008097, 0.06252668401048968, 0.06250690794989094, 0.06246589198704573, 0.06264860851376006, 0.06244310277328724, 0.062490075326242775, 0.06250992404558549, 0.06258030433520036, 0.06242904115131094], [0.062490288766190116, 0.06250064963050152, 0.0625061199389848, 0.0624962139591924, 0.06250417841977012, 0.06250976921586004, 0.06250288623539642, 0.06249797948198729, 0.062499290408721535, 0.06250331743230779, 0.06249230499984057, 0.06250202548545716, 0.062494907944702, 0.06250002793359934, 0.06249724032522143, 0.06250279982226752], [0.06250388605862615, 0.06249925991278803, 0.062487161777201344, 0.06250560558013925, 0.06249150279056346, 0.062493650517084665, 0.06250003230017015, 0.06250501796871695, 0.06250133527253218, 0.06249356586039362, 0.06252728171593801, 0.06248954566925554, 0.062498728558531134, 0.06250181386281264, 0.06251469512862236, 0.062486917026624546], [0.06248242375199157, 0.06250205418839047, 0.06252949984835811, 0.06248589870107067, 0.0625196934664984, 0.06252209097931186, 0.06250316386622709, 0.06248889263768203, 0.062496876341261186, 0.06251509421894767, 0.06244290629205663, 0.0625207696493702, 0.06249667272158635, 0.06249684339717236, 0.06247085474313955, 0.06252626519693587], [0.062495033292965615, 0.0625008446806953, 0.0625137400776417, 0.06249388165537565, 0.06250914780234948, 0.06250763191873199, 0.06250032429610015, 0.06249467808474218, 0.062498586111273444, 0.06250695951959115, 0.06247102479588789, 0.06251088643533731, 0.0625008074246635, 0.06249818184892817, 0.062484643411539344, 0.06251362864417712], [0.06249221811885851, 0.06250151130116122, 0.06252517299397012, 0.06248898984149688, 0.06251672928986955, 0.06251279017268639, 0.06250009923581837, 0.06249019547349014, 0.06249743126408058, 0.06251270055531165, 0.06244605348684704, 0.06252044546147893, 0.06250242798744415, 0.062496523837147766, 0.062471159943579165, 0.0625255510367595], [0.06250083513672006, 0.06249880039275055, 0.062475450729733734, 0.06250980327954671, 0.062483768725810705, 0.06249316865539279, 0.06250236523970816, 0.0625098921923364, 0.0625024536099661, 0.062487802754273146, 0.06255730792439938, 0.062477529120963195, 0.06249271646370658, 0.0625041570456697, 0.06253180155801993, 0.062472147171002905], [0.062479425082140924, 0.06250326126121535, 0.06255273253608107, 0.062476312152555405, 0.06253506458284873, 0.06253035187224801, 0.06250170219216641, 0.06247962975765724, 0.062494521258192604, 0.06252667784918774, 0.06239036273998424, 0.06254120584554498, 0.06250194562246414, 0.062493141448675654, 0.0624419916612485, 0.06255167413778898], [0.062499608444213796, 0.06250007267000568, 0.06250108527433389, 0.062499521365582233, 0.06250072075547303, 0.06250058456541856, 0.06250002452051695, 0.06249958301811665, 0.06249989275419659, 0.06250054852201674, 0.06249770927113583, 0.06250086189869507, 0.06250006304331988, 0.06249985921986061, 0.06249878649279492, 0.06250107818431962], [0.06247543425111909, 0.06250415526851409, 0.06256850062959826, 0.062469531098766844, 0.062545524133112, 0.06253761266771034, 0.06250142579787121, 0.062473436064333324, 0.06249290472188975, 0.06253459692719318, 0.06235605232219901, 0.06255434130080166, 0.06250410319654884, 0.06249084944837394, 0.06242346461553875, 0.06256806755642966], [0.062490559074178983, 0.06250184067723423, 0.06253122963435616, 0.06248636497610367, 0.06252072807636001, 0.06251562559628829, 0.06250000649054537, 0.06248781291693614, 0.062496791708296494, 0.06251572083157102, 0.06243314243564466, 0.06252544065278075, 0.06250314858434353, 0.062495637060709944, 0.062464148637876464, 0.0625318026467743], [0.06249389931710439, 0.06250189304474045, 0.06253458318138569, 0.062485511160500676, 0.06252292324452345, 0.0625137129287877, 0.0624984586474328, 0.06248630668338057, 0.06249650784293978, 0.062517317091091, 0.0624227071257623, 0.06252981373404658, 0.06250667660457522, 0.062494703166039195, 0.062457882852522004, 0.06253710337516817], [0.0624855263326426, 0.06250282052062095, 0.06254792113492032, 0.06247907677170241, 0.06253180735706071, 0.06252397515764825, 0.0625000053370167, 0.06248129667281012, 0.06249507449345669, 0.06252412326872306, 0.062397401911177305, 0.0625390419860052, 0.06250484153754876, 0.06249330192170284, 0.062444980199744635, 0.06254880539721941], [0.0624971416308926, 0.06250041328425221, 0.06250589236870696, 0.06249729150920261, 0.06250392619551787, 0.06250382112491938, 0.06250040258719256, 0.062497765695182214, 0.06249940408115847, 0.06250300139216852, 0.062488071116174264, 0.06250440146378994, 0.06249981176244519, 0.0624993137887792, 0.062493809602246465, 0.06250553239737157], [0.062479075197840094, 0.06250337117873593, 0.06255470394460078, 0.06247548601145799, 0.06253637378718874, 0.06253114274474857, 0.06250161885527265, 0.062478850215319265, 0.062494323994424145, 0.06252766801743483, 0.06238593748272747, 0.06254290494769003, 0.06250232666661175, 0.062492841985314414, 0.062439587715140375, 0.06255378725549292], [0.06247991976494671, 0.06250387070560713, 0.06256580797392054, 0.062471225395001856, 0.06254369690065804, 0.06253317810599004, 0.06250009881763999, 0.062474318755452445, 0.06249322795227987, 0.06253314790082048, 0.062359174383208975, 0.06255353351321159, 0.06250651133773641, 0.06249082472589693, 0.0624245392327215, 0.06256692453490746], [0.06248729138583648, 0.06250161583060042, 0.06252394464099764, 0.062488775430979214, 0.06251596841389667, 0.06251661951527565, 0.06250200633803116, 0.06249091418181886, 0.06249748592818118, 0.06251221285751404, 0.062452529489458695, 0.06251744679506781, 0.0624984364865858, 0.06249726915364645, 0.06247548617149415, 0.06252199738061577], [0.06248782082148435, 0.06250287920904493, 0.06255100673371765, 0.062478170057883024, 0.0625338372828103, 0.06252290172928951, 0.06249885992369459, 0.062479937070690245, 0.062494790984134664, 0.0625256114689412, 0.062388386859429, 0.06254276846425512, 0.06250752102668938, 0.06249251822151721, 0.062439647337765886, 0.0625533428086529], [0.06249193820333421, 0.06250089176972573, 0.06251241025146613, 0.062493972821119244, 0.0625082994208463, 0.06250987824553013, 0.06250158306966491, 0.06249535989622895, 0.062498682037570884, 0.06250637565844246, 0.06247640181444261, 0.06250848688146851, 0.062498119482592006, 0.062498750926090384, 0.06248809336678318, 0.06251075615469431], [0.06249001295228591, 0.06250105114703886, 0.06251421523914398, 0.06249298271664423, 0.06250953529716739, 0.06251203148479977, 0.06250211380545267, 0.06249472040768032, 0.06249848651158977, 0.06250734531220647, 0.06247336410217681, 0.06250943691980718, 0.0624973135264486, 0.06249866268381077, 0.06248674486235204, 0.06251198303139519], [0.062487999090509345, 0.06250130088309934, 0.0625179281278198, 0.06249123805642589, 0.06251200474307297, 0.06251461795830547, 0.06250243056269546, 0.062493312767221317, 0.062498093394130455, 0.06250923200741135, 0.06246608724199198, 0.06251212553629637, 0.06249703353269956, 0.062498239520800865, 0.06248297840615594, 0.0625153781713639], [0.06249461995507346, 0.06250094375737063, 0.062515374391944, 0.062493178567889, 0.06251024142506843, 0.06250841590546823, 0.06250031014455194, 0.06249403924571149, 0.06249842485223112, 0.06250779166620778, 0.062467389779138856, 0.06251224873048754, 0.06250103883790106, 0.06249795240179563, 0.06248270707656883, 0.062515323262592], [0.062494964140854384, 0.06250061930058293, 0.06250889096692759, 0.06249577760943078, 0.06250596583949539, 0.06250656965850601, 0.06250090632494036, 0.06249664384794162, 0.06249907347744884, 0.06250458047517941, 0.062482359833754046, 0.06250635791453762, 0.06249921467432893, 0.06249904023373993, 0.06249102243496556, 0.06250801326736662], [0.06250083259125022, 0.06250074718511246, 0.06251568438060336, 0.06249393575788538, 0.06251037875414607, 0.06250327442543088, 0.06249803440767821, 0.06249363125057759, 0.0624984742854016, 0.0625077876159219, 0.06246218127471911, 0.06251487791529821, 0.06250567029275976, 0.06249722208972045, 0.062478887231886375, 0.06251838054160845], [0.06247880552110972, 0.06250334355374526, 0.06255379081934812, 0.062475811622735945, 0.06253577490594016, 0.0625311385276711, 0.06250181958337261, 0.06247923560640133, 0.0624944168495339, 0.0625272246212004, 0.06238825953075587, 0.06254195685251593, 0.06250183750688515, 0.062493034290792386, 0.06244093074869608, 0.06255261945929601], [0.06250327713334357, 0.06249930146826765, 0.06248779317507446, 0.06250528049008651, 0.062491890908611604, 0.06249417633998436, 0.06250013257676594, 0.06250478667743019, 0.0625012525148716, 0.06249385385559639, 0.06252649260425726, 0.06248990360438495, 0.06249845932740186, 0.0625017494934934, 0.06251425303206688, 0.06248739679836339], [0.06249360497371427, 0.06250023449198579, 0.06249968915866894, 0.06249922368144737, 0.0624998924817131, 0.06250536803622855, 0.06250238852475716, 0.06250043257554462, 0.06249997666618883, 0.06250004376181717, 0.06250507767956752, 0.062497307696641156, 0.062495259135997086, 0.06250078215045451, 0.06250386820264255, 0.06249685078263137], [0.06250474583124024, 0.06249954030345636, 0.06249351452777765, 0.06250323419693327, 0.06249567077501344, 0.06249441188470368, 0.06249900565209603, 0.06250241360716254, 0.06250071656538216, 0.062496673083936145, 0.0625118001850213, 0.062495770391539134, 0.06250138243772653, 0.06250061588945115, 0.06250590006347823, 0.062494604605082195], [0.06250374657385938, 0.06249943716833303, 0.06249079171006506, 0.06250416883388663, 0.06249386850844066, 0.0624945225328601, 0.062499641537157674, 0.06250355721569127, 0.06250096710353197, 0.06249533170994015, 0.06251905288294456, 0.062492865609210475, 0.06249976682888697, 0.06250118540857376, 0.06251004935862008, 0.06249104701799823], [0.06249706040855579, 0.06250062016665986, 0.0625103811956411, 0.06249550762676861, 0.06250688246684122, 0.06250497760747273, 0.062499926765396556, 0.06249594847356887, 0.062498947073657767, 0.06250521654368876, 0.06247763656364168, 0.06250853617031484, 0.06250118732816658, 0.06249853487779139, 0.06248797463416246, 0.0625106620976718], [0.06249642791847046, 0.06250133076436876, 0.062524812451696, 0.062489718010416036, 0.06251643943341757, 0.06250916912544141, 0.062498605573243236, 0.06249013876262767, 0.062497505036420736, 0.06251240561875238, 0.0624439551024295, 0.0625216935217447, 0.0625053784298543, 0.062496112605152414, 0.062469338093491644, 0.06252696955247322], [0.06249756986034518, 0.06250082475111478, 0.0625148512350823, 0.06249380253557802, 0.06250987210765488, 0.06250583308079219, 0.06249931519227944, 0.06249411964041558, 0.06249852105312203, 0.0625074673900951, 0.06246642680319551, 0.0625128764343874, 0.06250302980345396, 0.0624977291025334, 0.06248175974004636, 0.06251600126990389], [0.06249383416394857, 0.06250026492742758, 0.0625007829191746, 0.0624988237162396, 0.06250059568101121, 0.06250539655887695, 0.06250216027562572, 0.06249997279839967, 0.062499857672109846, 0.06250055977471301, 0.06250247930770716, 0.06249840684915907, 0.062495763856290895, 0.06250055189721644, 0.06250233453727806, 0.06249821506482161], [0.06248563039565107, 0.06250266794796737, 0.06254491599935764, 0.06248027230659641, 0.06252982355008906, 0.06252316209910525, 0.06250029725927589, 0.06248250436952979, 0.06249537090223948, 0.06252263281976496, 0.062404407554018465, 0.06253628930470183, 0.06250395308163881, 0.062493808575495594, 0.06244887036179724, 0.06254539347277119], [0.06249572650535793, 0.06250007225114025, 0.062497870612536914, 0.06250024094078012, 0.06249866506621463, 0.06250312577576311, 0.06250181594165513, 0.06250107017097747, 0.06250018222531785, 0.06249908456779524, 0.06250786464574834, 0.062496418189225765, 0.0624962192905787, 0.06250086267843458, 0.06250509776468598, 0.06249568337378801], [0.06249499000425135, 0.0625005285945644, 0.06250709419881813, 0.062496499485960734, 0.06250475186265701, 0.06250598987309222, 0.0625010555347747, 0.062497368463353735, 0.06249924586017832, 0.06250365901599016, 0.062486766307174126, 0.06250470123414426, 0.06249863489458973, 0.06249933427963606, 0.06249340754004951, 0.06250597285076555], [0.06248356863237023, 0.06250180608860145, 0.06252510665038197, 0.062487790355714674, 0.06251678680474324, 0.06252007133579178, 0.06250324009668679, 0.06249061752738132, 0.06249732982255307, 0.06251289594989551, 0.06245238399657521, 0.06251712238592849, 0.0624961021751014, 0.062497483070992024, 0.06247598672630581, 0.06252170838097705], [0.06248638719802056, 0.06250266583173456, 0.06254539621723793, 0.06248018806805873, 0.06253013776237573, 0.06252266619476428, 0.062499978757022394, 0.062482275766911496, 0.06249533413428466, 0.06252285748957401, 0.06240269357719406, 0.06253702060782224, 0.06250466397782067, 0.062493645640998303, 0.06244781616161272, 0.06254627261456763], [0.06251376578527762, 0.062497392898927216, 0.06245601791353856, 0.06251927596399959, 0.06247078944834584, 0.06247753545966101, 0.062499803061541265, 0.06251714340485932, 0.06250452367078019, 0.06247783337251939, 0.0625939066926421, 0.06246435085689967, 0.06249589873753241, 0.06250608820384164, 0.0625502504861589, 0.06245542404347527], [0.062486425611742176, 0.06250202148578228, 0.06253193254644597, 0.06248549648092701, 0.06252126016435322, 0.06251936590435571, 0.0625014549358191, 0.06248771936079407, 0.062496676547093725, 0.06251620035629821, 0.06243429507016352, 0.06252453345013803, 0.06250037664213473, 0.06249597979899465, 0.06246546140854547, 0.06253080023641214], [0.06249052697528808, 0.0625006749267378, 0.06250649247478016, 0.06249610744722171, 0.06250442853421397, 0.06250966495944933, 0.06250277260380556, 0.06249782627038771, 0.06249926949057401, 0.06250350546032944, 0.06249117541258024, 0.06250246476146565, 0.06249520708734033, 0.062499949993023635, 0.062496604058318035, 0.06250332954448437], [0.0625096003705803, 0.06249859722027303, 0.06247757963444633, 0.06251018609860044, 0.062485114166568274, 0.06248650231662834, 0.062499015773180434, 0.06250862806924881, 0.06250235479002511, 0.06248867259415876, 0.06254575651001575, 0.06248280028471468, 0.06249981882935182, 0.0625028453416203, 0.06252414599381755, 0.06247838200677007], [0.06250204064752288, 0.06249918098162647, 0.06248389384742035, 0.0625066473457907, 0.06248935196349523, 0.06249430978282223, 0.06250104133624311, 0.0625064320531524, 0.0625016460858074, 0.06249198117745314, 0.06253636479965549, 0.0624858226664514, 0.06249632375699268, 0.06250258398141717, 0.06252001266405567, 0.06248236691009367], [0.062494964140854384, 0.06250061930058293, 0.06250889096692759, 0.06249577760943078, 0.06250596583949539, 0.06250656965850601, 0.06250090632494036, 0.06249664384794162, 0.06249907347744884, 0.06250458047517941, 0.062482359833754046, 0.06250635791453762, 0.06249921467432893, 0.06249904023373993, 0.06249102243496556, 0.06250801326736662], [0.0625103942146739, 0.06249815103678631, 0.062468899793810824, 0.06251372846261617, 0.062479350747691294, 0.06248359097940781, 0.062499644712253076, 0.06251210113977591, 0.06250322228715526, 0.0624843256077712, 0.06256580025959102, 0.06247504383863714, 0.06249759202589831, 0.06250424935749758, 0.06253514470333926, 0.062468760833094904], [0.0625021780185831, 0.062499358497300074, 0.06248807092010597, 0.06250501585159378, 0.06249209388036425, 0.06249519127595027, 0.06250051082099152, 0.06250472747879127, 0.06250121664426314, 0.062494028646986215, 0.06252656462094383, 0.06248974834555949, 0.06249775302141757, 0.06250182834251297, 0.06251447866349058, 0.06248723497114594], [0.06250392504090461, 0.062498603056722495, 0.062473664481593374, 0.06251092518039708, 0.062482591056965624, 0.06249030103757192, 0.06250149180815123, 0.06251046898114454, 0.06250267080691055, 0.06248687736716981, 0.06255906639315265, 0.06247702894234649, 0.062494423660440265, 0.06250414137458134, 0.0625324049871319, 0.0624714158248161], [0.06251086765480332, 0.062498261811350854, 0.06247180307409512, 0.06251263621145832, 0.06248127888432748, 0.06248400352731721, 0.06249917559355381, 0.06251089809378724, 0.06250293242547132, 0.062485768305798405, 0.06255853717730112, 0.06247791205999423, 0.06249888195509082, 0.06250369474425199, 0.0625310541835711, 0.06247229429782768], [0.06248115515716529, 0.06250338614978897, 0.0625566754311384, 0.06247500035146133, 0.06253764691342463, 0.06252986678321751, 0.06250064158474554, 0.06247795350376184, 0.062494147223282705, 0.06252858410885184, 0.0623798542772055, 0.06254551898291695, 0.06250447330894819, 0.062492265823661, 0.06243586752358333, 0.06255696287684698], [0.06249081108043548, 0.06250079100722246, 0.06250937750835858, 0.06249500763119898, 0.06250631978849079, 0.06251011244023015, 0.06250233720133462, 0.06249664039517162, 0.06249897520521955, 0.0625049142477681, 0.062484273505410276, 0.06250524760911136, 0.062496332000603456, 0.06249940722494912, 0.06249267865031841, 0.06250677450417705], [0.06249720347087164, 0.06250049153684602, 0.06250789187593399, 0.06249650414203179, 0.06250524209279595, 0.06250427186180374, 0.0625001526458063, 0.06249694588893614, 0.06249919355596036, 0.0625039843295828, 0.06248337557333345, 0.06250627732327581, 0.06250049588060996, 0.06249894968413319, 0.062491161065673456, 0.06250785907240533], [0.062497336962807626, 0.06250005978932505, 0.06249894665139556, 0.06250004367992122, 0.06249934788984641, 0.0625020082443712, 0.06250110084827956, 0.06250055716476166, 0.06250008751479208, 0.06249956432975094, 0.0625042585342349, 0.06249802276269297, 0.06249773143242004, 0.062500490805837, 0.06250281780403996, 0.062497625585523804], [0.06249356286823759, 0.062500545207618, 0.06250620790386252, 0.06249665482998756, 0.0625041786946698, 0.06250693632778516, 0.06250166540765065, 0.06249779774241066, 0.0624993232469011, 0.06250325374365738, 0.06248988226388659, 0.06250334421239695, 0.06249730696138167, 0.06249964812008349, 0.06249535578169032, 0.06250433668778058], [0.06250540769834571, 0.0624987612761963, 0.06247805278789966, 0.06250941813107772, 0.062485442737117966, 0.06249001015849959, 0.06250043641427638, 0.06250862776911004, 0.06250224856850983, 0.06248898091051516, 0.0625478643548292, 0.06248166356555391, 0.0624968902696694, 0.06250320619134868, 0.06252586825132073, 0.06247712091572973], [0.06249103516728906, 0.06250138984584298, 0.06252187441935936, 0.06249012385399674, 0.06251455669739844, 0.06251294395913976, 0.06250087602736071, 0.06249158167452329, 0.06249774009495836, 0.0625110876667948, 0.062454735322415175, 0.06251693636109062, 0.0625004991933688, 0.06249721845521006, 0.06247615439193212, 0.06252124686931973], [0.06247966389127498, 0.06250286007804579, 0.06254419027558475, 0.0624797197259213, 0.0625294298630123, 0.06252805365470585, 0.06250256549577192, 0.062483082071137556, 0.06249538740382848, 0.06252245085285713, 0.06241022353081453, 0.06253336808682232, 0.06249938232684228, 0.06249460831785511, 0.06245306249714076, 0.062541951928385], [0.06248555349724189, 0.06250203301309684, 0.06253135636660863, 0.06248560892644068, 0.06252088299125257, 0.06251991481876182, 0.06250182710669187, 0.062487997710538846, 0.062496729117008244, 0.06251593148516969, 0.06243630107067209, 0.06252367226659811, 0.062499550293062985, 0.06249617778193521, 0.062466701812172995, 0.06252976174274759], [0.06248203715794871, 0.06250323992118538, 0.06255418748853243, 0.062476111997494914, 0.06253598543214878, 0.062528466083052, 0.06250058362919633, 0.062478921640402064, 0.062494407115447854, 0.0625273194185333, 0.06238513494574465, 0.06254354331433959, 0.06250431033329618, 0.06249259844512018, 0.062438662291444735, 0.06255449078611285], [0.06248249924530532, 0.06250190430109305, 0.06252615144875232, 0.06248723444072474, 0.06251748825393445, 0.0625212086367516, 0.06250351503372172, 0.062490250234119166, 0.0624972212811871, 0.06251344229050354, 0.06245066657519221, 0.06251769228847193, 0.06249565778042981, 0.06249742590985311, 0.06247519677757195, 0.06252244550238803], [0.062499573021434156, 0.06250010787226859, 0.06250165521842686, 0.0624992959610495, 0.06250109728497313, 0.06250074375638762, 0.062499976635689104, 0.062499357916125445, 0.06249984082698427, 0.06250083250175241, 0.062496378094319925, 0.06250137923322892, 0.06250022007881538, 0.06249976847289616, 0.06249805470658671, 0.06250171841906184], [0.06247543851351595, 0.06250419883617703, 0.06256929864786569, 0.06246921567557128, 0.0625460617143305, 0.062537844212012, 0.06250135286227286, 0.0624731156472124, 0.06249283114253309, 0.06253500473965655, 0.062354085053478184, 0.06255508428876404, 0.06250437112316318, 0.06249071884841569, 0.06242239689109101, 0.06256898180394058], [0.06249456873823646, 0.06250086727548375, 0.06251375127152539, 0.06249382492185879, 0.06250913923655387, 0.06250792158899278, 0.06250046400328575, 0.062494699243558494, 0.06249858106692339, 0.06250695455329545, 0.062471460308369614, 0.06251072546798105, 0.06250045570625991, 0.06249822521149309, 0.06248491015007397, 0.06251345125610824], [0.06250244673910549, 0.06249932282159932, 0.062487633567875914, 0.06250521540224954, 0.06249181849615796, 0.062494938419525796, 0.06250048209626405, 0.06250488816724994, 0.06250126143879761, 0.06249382237320513, 0.06252730433387622, 0.062489440745085986, 0.062497821440714404, 0.06250187845950653, 0.06251488541627413, 0.062486840082511944], [0.06249259658289153, 0.06250150660186683, 0.06252589742567279, 0.06248874795598333, 0.0625171887784411, 0.06251262875608228, 0.0624998564662669, 0.062489871232293936, 0.062497341447430056, 0.0625130300357419, 0.06244423305994083, 0.06252125537622259, 0.0625029248124851, 0.06249633432122697, 0.06247003236562865, 0.06252655478182526], [0.06248241696700223, 0.06250363619922264, 0.06256296522451778, 0.06247268989794579, 0.06254179509790661, 0.0625304076894993, 0.062499507340673936, 0.062475346966719476, 0.06249353274026343, 0.06253167684462603, 0.06236408666055086, 0.0625518332665349, 0.06250742240102032, 0.06249103757787677, 0.06242690385719444, 0.0625647412684455], [0.062488514219201305, 0.06250255218888173, 0.06254473258445618, 0.06248074416885155, 0.0625296776024256, 0.06252073472479933, 0.06249928238342749, 0.06248244186166954, 0.06249542033261114, 0.06252247464980656, 0.062402738112495554, 0.06253720430039282, 0.06250600358352108, 0.062493523409419, 0.06244752192126635, 0.06254643395677474], [0.06248977940549683, 0.06250199415993746, 0.06253402268577832, 0.06248514792653717, 0.06252258385703303, 0.06251699513528251, 0.06249998495711885, 0.0624867149247579, 0.062496498990889215, 0.06251712690963804, 0.06242711875788617, 0.06252773768567423, 0.06250347925498832, 0.06249523545437346, 0.06246090695428816, 0.06253467294032036], [0.06247331443100926, 0.06250454821189476, 0.0625755043103085, 0.06246645798468138, 0.06255017840613988, 0.06254117669239752, 0.06250143051173061, 0.062470691719665475, 0.06249217042465686, 0.06253812619688172, 0.062341067590146626, 0.06256003990245369, 0.0625048114423456, 0.06248986146114424, 0.062415426668926806, 0.0625751940456171], [0.062490899159371165, 0.06250170176097262, 0.06252874306432156, 0.06248738725929975, 0.06251908469983382, 0.062514749377856, 0.06250015640090814, 0.06248879837193725, 0.06249703721914225, 0.0625144815270939, 0.06243875946501581, 0.06252325777010172, 0.06250259943651458, 0.06249602649331004, 0.062467228565580915, 0.06252908942874046], [0.06247538415869536, 0.062504752361176, 0.06258128295802785, 0.062464476847772905, 0.06255395866804445, 0.06254080621466175, 0.06250003274854846, 0.062468259460342734, 0.06249161904999576, 0.0625409221522871, 0.062326053799967605, 0.06256618830849606, 0.06250816901250902, 0.06248862798109418, 0.06240671774100223, 0.06258274853737851], [0.06247928124965403, 0.06250338176057954, 0.06255522348585486, 0.062475304589548177, 0.06253671733008732, 0.0625311202428116, 0.06250148910550674, 0.06247862649772857, 0.062494269687635204, 0.06252792220353175, 0.062384563310833425, 0.06254346346666365, 0.0625026463269814, 0.06249272618901262, 0.06243879143287252, 0.06255447312069853], [0.06247326023945737, 0.06250453262545903, 0.06257508695893424, 0.06246662285418895, 0.06254988928065833, 0.06254105249829203, 0.06250147729122361, 0.06247086510671405, 0.062492211351828426, 0.06253790557842177, 0.06234217921587178, 0.06255963399850827, 0.06250462662607457, 0.06248993507897323, 0.06241602304393283, 0.0625746982514615], [0.06247297080684739, 0.06250388382510126, 0.0625610487215949, 0.06247212255716612, 0.06254062753966287, 0.06253783275993985, 0.06250312728538342, 0.06247656314575351, 0.06249361478312285, 0.06253096453466077, 0.062375398771898495, 0.06254649247995987, 0.06249990851896555, 0.062492408307386074, 0.06243460960455759, 0.06255842635799948], [0.06248578000288396, 0.06250282314876188, 0.0625482763241261, 0.0624789687995381, 0.06253203970668561, 0.06252386151914542, 0.06249987415721085, 0.062481138234826275, 0.06249503804324971, 0.06252429266043863, 0.06239639144142095, 0.06253946588623781, 0.06250514112502434, 0.06249320946187812, 0.062444375997196246, 0.06254932349137601], [0.06248150086210096, 0.06250380338752742, 0.06256578858815363, 0.062471453194011324, 0.06254365734234384, 0.06253182059015773, 0.06249951351525265, 0.06247424796405067, 0.06249323919500833, 0.06253308587303247, 0.0623581736560991, 0.06255411034013382, 0.0625076514476785, 0.06249064376924671, 0.062423714780977545, 0.0625675954942253], [0.06249602363780396, 0.06250080592920508, 0.06251352355699787, 0.062494109934203755, 0.06250899543778446, 0.06250674219782267, 0.062499993486978114, 0.06249472348487639, 0.062498624787172524, 0.06250682930249256, 0.062470800227623816, 0.0625110605764023, 0.0625014618081596, 0.062498115306589046, 0.062484379594909, 0.06251381073097884], [0.06248552212803452, 0.06250250563603166, 0.0625416152903621, 0.0624815511717629, 0.06252765010822862, 0.06252247268335182, 0.06250070164464955, 0.06248383959246493, 0.06249569221688702, 0.06252100449851875, 0.062412247448966424, 0.06253318127942745, 0.06250281725647745, 0.06249438922673281, 0.06245326218383475, 0.06254154763426928], [0.06248542320847091, 0.06250305695035761, 0.06255304300044912, 0.06247702757031581, 0.06253520728088012, 0.06252542006733745, 0.06249950187760593, 0.0624792221509348, 0.06249455641702031, 0.06252668040483257, 0.06238532427686885, 0.06254375401087656, 0.06250642502287387, 0.06249242579928492, 0.062438291229658785, 0.06255464073223238], [0.06249664394758512, 0.0625006247677212, 0.06251021636735929, 0.06249550710216208, 0.06250679034110855, 0.0625053442178337, 0.06250011130972014, 0.062496032594967645, 0.062498958387934546, 0.06250515865221003, 0.06247824653287202, 0.06250822423615211, 0.06250084003856331, 0.06249861310190856, 0.062488403901988614, 0.06251028449991314], [0.06250938593312955, 0.062499044009408755, 0.062486667870874854, 0.06250658235979711, 0.06249110294586926, 0.062488858275912634, 0.06249808192031255, 0.06250496570598724, 0.06250144964789231, 0.06249316541771388, 0.06252458708561548, 0.06249115825900126, 0.06250256951151217, 0.06250129133448833, 0.06251234461544372, 0.062488745107040895], [0.06251247144805494, 0.06249904352664901, 0.0624887264826595, 0.06250621061060795, 0.06249243031571529, 0.06248677406421827, 0.06249674753390136, 0.06250399611693135, 0.06250128962039103, 0.06249410956390596, 0.06251748899807819, 0.06249423293170416, 0.0625054822922043, 0.06250060322457034, 0.06250794114112042, 0.062492452129287925], [0.06252192479043867, 0.06249588162523951, 0.06243115547374312, 0.06253022976292319, 0.06245423047861361, 0.06246437215048126, 0.06249949151784091, 0.06252680550365912, 0.0625070607626363, 0.062465243079195536, 0.06264706166466763, 0.06244433840109115, 0.06249382130412913, 0.06250945482983325, 0.06257851836331721, 0.06243041029219042], [0.06252080233807805, 0.06249631592451602, 0.06243917013687421, 0.0625269124251349, 0.06245955013994195, 0.06246734586259501, 0.06249904547688797, 0.06252362185077867, 0.06250626097308971, 0.06246926110060243, 0.06262885631347542, 0.06245135604786938, 0.06249558814118647, 0.06250820378910431, 0.0625685813707801, 0.06243912810908537], [0.06251768319727792, 0.062497196238976316, 0.06245487124341681, 0.06252027843862326, 0.062469988680048334, 0.06247397670066864, 0.062498512339081165, 0.06251742494602941, 0.06250468166562291, 0.06247716348080109, 0.06259381060869239, 0.062464757447439345, 0.06249838496657398, 0.06250585485370186, 0.06254961054556199, 0.06245580464748453], [0.0625176016785021, 0.062497828127874376, 0.06246761200939005, 0.06251524657593882, 0.06247842379867093, 0.06247725995790191, 0.06249718421567195, 0.06251228595693321, 0.06250343133873917, 0.06248350427873066, 0.0625636642239812, 0.06247655613948386, 0.06250243403235739, 0.06250367879565089, 0.06253288262243438, 0.062470406247739134], [0.06250946554702294, 0.06249887374111503, 0.0624831607793028, 0.06250798240676016, 0.06248877308431925, 0.06248786527246863, 0.06249841855370594, 0.0625063812237783, 0.06250179795376397, 0.0624914112176449, 0.06253288057906224, 0.062487934034714566, 0.06250149091167494, 0.06250188438700775, 0.0625169255631585, 0.06248475474450009], [0.06251013546704613, 0.062498610797178764, 0.06247840651520491, 0.06250994573289553, 0.06248562202211788, 0.06248612810036162, 0.062498686821211874, 0.06250826665897054, 0.06250226905860375, 0.062489032017974365, 0.06254365789287678, 0.06248377006198407, 0.06250044866654418, 0.0625026249984202, 0.06252281397457916, 0.062479581214030244], [0.06252487241727293, 0.06249483242748905, 0.06241197548774622, 0.06253819574347645, 0.06244151714537503, 0.06245712507133653, 0.06250049125521642, 0.06253441086912226, 0.06250898001603661, 0.062455642792903894, 0.06269030726638733, 0.06242764148074116, 0.06248980031280348, 0.06251242830882324, 0.06260212789757591, 0.06240965150769348], [0.06248062653541362, 0.06250268850223756, 0.06254160285847371, 0.06248087102519492, 0.06252770097882349, 0.06252658560433005, 0.06250248333677043, 0.06248407668802632, 0.0624956441311174, 0.06252113146800516, 0.062415726148139866, 0.06253132634131162, 0.0624992457456525, 0.06249493787329348, 0.062455952465891945, 0.062539400297318], [0.0624961117286424, 0.06250116277725717, 0.06252113641242568, 0.06249111943181991, 0.06251401880287799, 0.06250854588377032, 0.06249912524277665, 0.06249163827128893, 0.062497864844387345, 0.06251059552238875, 0.06245282788735669, 0.06251816024124772, 0.06250396934408958, 0.06249678342103972, 0.06247433712833695, 0.06252260306029417], [0.062487876659513955, 0.06250215632493593, 0.06253569883146579, 0.06248422668500245, 0.0625237156240221, 0.06251900101819742, 0.06250049941213123, 0.0624861331744417, 0.06249632168241003, 0.06251801276647888, 0.06242447249809485, 0.06252857965495807, 0.06250263284110336, 0.06249516507324758, 0.062459737241477055, 0.06253577051251961], [0.0624853324089605, 0.06250305885985832, 0.06255288943965606, 0.06247707795500921, 0.06253510956271624, 0.06252546053715496, 0.06249955679328114, 0.06247929176312169, 0.06249457569500765, 0.06252661041686561, 0.06238571927003085, 0.06254357840183718, 0.06250631164843463, 0.062492467298731966, 0.06243853646630189, 0.06255442348303207], [0.06248776174576463, 0.06250221933480228, 0.06253678871294688, 0.062483793169212966, 0.06252441850415841, 0.06251927487121943, 0.06250039902836942, 0.06248570229014814, 0.062496214811932224, 0.06251853675634325, 0.06242209339202733, 0.06252955213138998, 0.06250288519829172, 0.062494985214742595, 0.06245839054217785, 0.06253698429647292], [0.06249454363873975, 0.06250176979392712, 0.06253265459661893, 0.062486354746270546, 0.0625216480548189, 0.06251273353156193, 0.06249844169008228, 0.06248705211180059, 0.06249670166474448, 0.06251634978808718, 0.06242677144454643, 0.06252826305758727, 0.06250653099250537, 0.06249496373601834, 0.062460058835618344, 0.06253516231707254], [0.06247511540479129, 0.06250456803239614, 0.06257725471829971, 0.06246602620798465, 0.06255130288017796, 0.0625400455646219, 0.06250057197960673, 0.06246990065887077, 0.06249201589552748, 0.06253893436430423, 0.06233573120537023, 0.06256234570350155, 0.06250667912507704, 0.06248935515312775, 0.06241215539807525, 0.06257799770826736], [0.06250214600956447, 0.062499340403509004, 0.06248743503089268, 0.06250527019797474, 0.06249167167214615, 0.062495031438854105, 0.06250059136223311, 0.06250499249442702, 0.0625012878770963, 0.06249371295968288, 0.06252807799776704, 0.06248914898695694, 0.06249752355902907, 0.06250194773643283, 0.06251533031090177, 0.06248649196253188], [0.06249369378471088, 0.06250095688728398, 0.06251501161051895, 0.06249320306721182, 0.06250998267055033, 0.06250897747255102, 0.06250064442271572, 0.062494228967166235, 0.06249844424383135, 0.06250760304703115, 0.06246911081407492, 0.0625115650870793, 0.06250022350455894, 0.062498102718255705, 0.06248373315506331, 0.0625145185473964], [0.06250019060232294, 0.06250031951967285, 0.06250662345979877,