[[0.08840027981431314, 0.030913768219892054, 0.036913894642664306, 0.033922314699799755, 0.031298607099491685, 0.03214343126713613, 0.08238597561446935, 0.055262936371584456, 0.08792279390166488, 0.03630614790506227, 0.08641003445793245, 0.05780794924341008, 0.036491112948209566, 0.030745743441582665, 0.08777915404240445, 0.04442457539687258, 0.05272151429606281, 0.08814976663744735], [0.09727744782335332, 0.025890130296874828, 0.032157773663216364, 0.02899246730551099, 0.02628237296721432, 0.027148198162708394, 0.08880491165443584, 0.05321547672635024, 0.09659854027302067, 0.031508332618294346, 0.09445453442219547, 0.05634462846720338, 0.03170564401321187, 0.025719298998149103, 0.09639450951299347, 0.04044554445138754, 0.05013905814753774, 0.0969211304963421], [0.04908877174587425, 0.05908520539559669, 0.05941536851296534, 0.059379286459936675, 0.05913999679108325, 0.05924159594791271, 0.050494635518644276, 0.05679453862396324, 0.049199550128850966, 0.059425395560629944, 0.049551523989168206, 0.056245901041391405, 0.059423206762954574, 0.059059534857743796, 0.049232905453555596, 0.05875767411218542, 0.0573180368720626, 0.049146872225481024], [0.08349268061472695, 0.033338726615333686, 0.03943932230113209, 0.036423669392851826, 0.03373629318483671, 0.0346060028054751, 0.0791143794841017, 0.056832827651940754, 0.08315275068115027, 0.03883083305831197, 0.08206701597647018, 0.05909732009110846, 0.039016247162310704, 0.03316487041739774, 0.08305023062940375, 0.046786592746487374, 0.05453573484492316, 0.08331450234203759], [0.10230431300005355, 0.023843913109258014, 0.029845141764566447, 0.02679963380133786, 0.024216074479137626, 0.025039138657499953, 0.09150652739320783, 0.05100117842813876, 0.10141959974710216, 0.02921774659691948, 0.09864847871888854, 0.05429782644746476, 0.029408219557935638, 0.02368196491877781, 0.10115440364045365, 0.03797427108253475, 0.04780202598610154, 0.10183954267062167], [0.10098019556323104, 0.023673123001571636, 0.030105541156542945, 0.02683755424968911, 0.02407089468721919, 0.02495137960240309, 0.09163467331108308, 0.052533330268225126, 0.1002319754848704, 0.02943207985343621, 0.09786820765147437, 0.05593491857181194, 0.029636534580623975, 0.023500106046851415, 0.10000708705495481, 0.03881281564796446, 0.049202065305133796, 0.1005875179629134], [0.08901915332827458, 0.030071940186049122, 0.03640805575271624, 0.03324490706509971, 0.030477196954589576, 0.031367529996994964, 0.08324333598053654, 0.05576533783748809, 0.08856577665654669, 0.03576501256367789, 0.08712337744869793, 0.05842022495972396, 0.035960701202496885, 0.029895066040139213, 0.08842920973066594, 0.044358254737613456, 0.053103515715380245, 0.08878140384330893], [0.0263743890852404, 0.08798207625388556, 0.07192061723113198, 0.07922812478961172, 0.08677282133154073, 0.08421403680591377, 0.028574206828983192, 0.04509561336539562, 0.026537399220393155, 0.07330634099673718, 0.02706642106067217, 0.04281763529863524, 0.07287959464905663, 0.08851889487972174, 0.026586803132031357, 0.058052667439132136, 0.04761267760608802, 0.02645968002582941], [0.041714563990835146, 0.059357890777874796, 0.0644344241068016, 0.06245093237630186, 0.05981940679040446, 0.06076355742920899, 0.045036228752016544, 0.06160112105339029, 0.041969181626123016, 0.06411273511175657, 0.04278631116542062, 0.06016922740890767, 0.06421483309269296, 0.05915014473360775, 0.04204608745790775, 0.06562189569484136, 0.06290350708754427, 0.04184795134436434], [0.0941099186620268, 0.028158303610315585, 0.03405712310240604, 0.031093825309977677, 0.028531382801316174, 0.02935285469139095, 0.08602341808531952, 0.05332060355372388, 0.09345542900943213, 0.03345144310792711, 0.0913963253839782, 0.05615652487722454, 0.0336355780321062, 0.027995631703514556, 0.09325897186447887, 0.04170513106596794, 0.050531269108053736, 0.09376626603084012], [0.05396356510027448, 0.05071281267348762, 0.056351384938035494, 0.05383658961995206, 0.05114716915161589, 0.05206449084660635, 0.056025150611592765, 0.06206481695571958, 0.05413013095897083, 0.05588589065348978, 0.05465511299030748, 0.06194863145017017, 0.056029946149497335, 0.050519904475489194, 0.05418016261671142, 0.06041468100306814, 0.062018558581628296, 0.05405100122338316], [0.05375075100332796, 0.053964972272856016, 0.05661821359102837, 0.055475875102947984, 0.0541807871607931, 0.05463056778998042, 0.05491920255151414, 0.058614377659924055, 0.053845444576059026, 0.056412239083995445, 0.05414348576598321, 0.05846918972036993, 0.05647626426125026, 0.05386854213734468, 0.05387387474117328, 0.05826809741458389, 0.058687647778318655, 0.053800467388549586], [0.09589793668832082, 0.026508433898934373, 0.03283372818326743, 0.029644293250839168, 0.02690540934611221, 0.02778119300291896, 0.0879458516319214, 0.0537541653069586, 0.09526298518321248, 0.032180218860717744, 0.09325528859097623, 0.056817463154026235, 0.032378815489774705, 0.026335499649533384, 0.09507209063154053, 0.04113082792821507, 0.05073106301428338, 0.09556473618844732], [0.068170479576697, 0.04118730034752437, 0.04771025897746379, 0.044591569711996876, 0.041637497555116934, 0.04261075450955991, 0.06804062909502091, 0.06125549083802872, 0.0681731883062131, 0.047098370020930085, 0.06816754960260735, 0.062458555703739774, 0.04728576657331863, 0.04098940436602308, 0.06817358764773322, 0.05437127532528528, 0.0599061573235238, 0.06817216451921715], [0.08189476666873355, 0.03331716264076909, 0.040015025277440386, 0.03670751638944514, 0.033753982065643576, 0.034709843301129764, 0.07857796425277205, 0.05842412120989891, 0.08164602101583877, 0.039348793684912196, 0.08084148122176846, 0.06068445131691555, 0.03955187856943901, 0.033126179532899466, 0.08157070537472919, 0.04797364897726811, 0.056091886438932904, 0.08176457206146383], [0.0431951486671845, 0.06594202814727772, 0.06283445640418597, 0.06438326823508589, 0.06574373370869425, 0.06530685125508745, 0.0448582599706146, 0.05423536025577437, 0.04332279209898322, 0.06314768594193258, 0.04373205610017421, 0.05319750573244829, 0.06305225244867509, 0.06602842982648505, 0.04336133336726777, 0.05908713610055715, 0.05530967573080231, 0.04326202600876959], [0.03859234966119462, 0.06970370500698822, 0.06572121807834544, 0.06776476202561067, 0.06946583069889005, 0.0689318073273218, 0.040769781745357114, 0.05365509656961441, 0.03875809680493637, 0.0661414657672308, 0.03929108637587043, 0.052190376367571324, 0.06601375169126407, 0.06980639789977469, 0.038808188724048204, 0.06053049399592487, 0.055176429098789524, 0.03867916216126735], [0.04377941229454674, 0.06242608278857772, 0.0627443517316513, 0.0628198848023759, 0.06250732762414758, 0.06265229474115949, 0.04601873724219664, 0.05720099286517074, 0.04395273944833073, 0.06279161037699212, 0.044506970311002675, 0.05614331086212728, 0.06277881613211246, 0.06238750469546705, 0.044005031883155424, 0.061185638398428804, 0.058229041742571805, 0.043870252059985564], [0.03926604170149745, 0.06789331220950542, 0.06549160742155875, 0.06686143201121827, 0.0677862009567154, 0.06752342605738242, 0.04157958730078346, 0.054847687397321765, 0.03944248649772823, 0.06579094700844537, 0.04000953664440752, 0.05339754926789939, 0.0657008336965265, 0.0679374518482573, 0.03949580192887874, 0.06128789694215451, 0.05632973787859132, 0.03935846323112818], [0.06303486982101301, 0.044937578288532315, 0.050799981296320976, 0.048050324921196236, 0.04535564933535769, 0.046252822022995174, 0.06366278504154405, 0.06124981753051544, 0.06309474020601553, 0.0502685297702668, 0.06327358853337829, 0.06199285662195278, 0.05043171860534938, 0.044753193928169795, 0.06311243533209947, 0.05630046892694833, 0.060362158914262366, 0.06306648090408236], [0.038983684436331795, 0.06997235155380765, 0.06542294274115794, 0.06770226649722882, 0.0696865151237906, 0.06905303061568613, 0.040999146046534145, 0.053139351614971055, 0.039137000963763005, 0.06588417577387419, 0.039630103051166835, 0.05172792598708048, 0.06574363373168499, 0.07009650722429746, 0.039183338333169296, 0.059955830901062046, 0.054618210547082734, 0.039063984857310885], [0.02585128610939531, 0.08789118781760354, 0.07248285522238912, 0.07959390121763929, 0.0867603563762692, 0.08435097048857472, 0.02812592816287499, 0.04528276849460903, 0.026019615063330385, 0.07384332605205306, 0.026566162196796007, 0.04292076337449869, 0.073424934158285, 0.08839155646343413, 0.02607063866883985, 0.05859722328853087, 0.04788717174778633, 0.025939355097090496], [0.03392693081379097, 0.07455467283476783, 0.06861985723506718, 0.07163705197076232, 0.07419391526474879, 0.07338685459994722, 0.03636562235217545, 0.051997417025057086, 0.03411056733537581, 0.06923545213047398, 0.03470330901876638, 0.05011375092053495, 0.06904810449442243, 0.07471065250684933, 0.034166130322708425, 0.061222759903754954, 0.05398387904214897, 0.03402307222864795], [0.04799270199932252, 0.05507294197333782, 0.06014605900437848, 0.05799605772249449, 0.05549196293501118, 0.05636468227831185, 0.05073463775097936, 0.061851163923144985, 0.0482078924814625, 0.0597664785513233, 0.04889290806606329, 0.06113260494174851, 0.05988498229675383, 0.05488573191173703, 0.048272727323357204, 0.06278273318664514, 0.062418196277876835, 0.04810553737605171], [0.040370623679026614, 0.06461899522120311, 0.06504970083862167, 0.06517787190694577, 0.06473576436738007, 0.06494315700026755, 0.0430096114021187, 0.05721784565072759, 0.04057263101846162, 0.06512219997648033, 0.04122108898096284, 0.05579288454908394, 0.06510243735105023, 0.06456346402149866, 0.040633649741049604, 0.06277026570173191, 0.058621360702488697, 0.04047644789090107], [0.09512548993502512, 0.026644228370600362, 0.0331299658267186, 0.029862373850309633, 0.027051860962961423, 0.027950928736498508, 0.08766619460592062, 0.054329647800320936, 0.09453447148668184, 0.032460977796500895, 0.09266037926184881, 0.0573899898745576, 0.032664309493102166, 0.026466632833133743, 0.09435662660678087, 0.04159327739668072, 0.05129719993538642, 0.09481544522697173], [0.05328531264909984, 0.051427712251705095, 0.05675085193677952, 0.05438643719333702, 0.05184027794004297, 0.05271041856878741, 0.055396921088585536, 0.06183973755329384, 0.05345547246018883, 0.05631471306032165, 0.05399226022411188, 0.06166773149957226, 0.05644976878406878, 0.051244373193248184, 0.05350659760333799, 0.0605018307023856, 0.06185495679435923, 0.05337462649677436], [0.03675685525597514, 0.0732586253314736, 0.066571074680492, 0.06978363254805026, 0.07280098130355914, 0.07180955153403135, 0.03877259694216101, 0.05160810349895987, 0.03690922527405965, 0.06720386987251237, 0.037400348098240846, 0.05004302553406246, 0.06701021468822861, 0.07345959116895771, 0.03695530734024979, 0.05954674445550903, 0.053273612008584374, 0.03683664046489283], [0.07488212893789914, 0.03634448918627085, 0.04363530190255964, 0.04007909802533085, 0.03683018644853295, 0.03788852252687994, 0.07383411573966393, 0.06121301061616435, 0.07481768017988219, 0.04292660633282884, 0.07459275048361777, 0.06304096100153277, 0.043143060655379976, 0.036131745996616164, 0.07479768373431638, 0.051754202027820224, 0.05923975349900533, 0.07484870270569872], [0.10049616283279099, 0.025012826689632214, 0.03086061071419603, 0.027899447341612482, 0.025377089368483822, 0.02618182496661771, 0.09008157579280732, 0.051232963038014626, 0.09964133752814316, 0.03025153506139024, 0.09696564774127177, 0.05439232721735933, 0.03043649469132901, 0.02485423713552619, 0.09938515581964663, 0.03871867941110135, 0.04816502654435222, 0.10004705810572496], [0.0503471464402542, 0.05442615559444492, 0.0586265428290509, 0.05682714006431365, 0.054768777995867046, 0.05548364376728486, 0.052576259353968605, 0.060811306950243116, 0.050524169238177305, 0.05830501740649383, 0.0510853621043184, 0.0603530321670345, 0.058405159049165115, 0.05427317829836385, 0.05057743640524867, 0.0610274996905931, 0.06114216081504543, 0.0504400118301325], [0.08623235840733115, 0.03156160906201106, 0.03787550098351651, 0.03473669188746219, 0.0319686317514326, 0.03286130066355116, 0.0812903089793283, 0.056520271217311506, 0.08584786333111548, 0.037239525622461314, 0.0846206978359265, 0.05900178505732269, 0.03743317751002151, 0.03138382596167013, 0.08573192963816859, 0.04564991282320301, 0.054013805559561104, 0.08603080370860529], [0.08251273953643777, 0.03182675269841594, 0.03925602667275047, 0.03557037831856198, 0.03230678166126107, 0.03335968810968408, 0.07992368706290631, 0.05984510695510761, 0.08233079816640496, 0.038511451278682725, 0.08172778835632544, 0.062309195956467, 0.03873831392366826, 0.03161711019070337, 0.08227528088397339, 0.04819618616127495, 0.0572749305964182, 0.08241778347095648], [0.08983140673503572, 0.028586408029161587, 0.0355620749708164, 0.03206617175652097, 0.029028955599813482, 0.030003293722370893, 0.08473836721154385, 0.056971300839881514, 0.08944341050181288, 0.03484972858248094, 0.08819534090602484, 0.05984351488063025, 0.03506643069645663, 0.028393453299551286, 0.08932613146339151, 0.04439960742075262, 0.05406620184125282, 0.08962820154250178], [0.08753487204509333, 0.028898368863377592, 0.03646096633439764, 0.03267751052559863, 0.029379354284323256, 0.030438070520529565, 0.08377852458355134, 0.05883493444349691, 0.08726109673129624, 0.035691588856560076, 0.0863659486058822, 0.06167781619888437, 0.03592573688998041, 0.028688641748424604, 0.08717791586080122, 0.04590375096521931, 0.05591314292047846, 0.0873917596221048], [0.056449731383265866, 0.05060111598318661, 0.05489556329857286, 0.052961328537273804, 0.050927816922825726, 0.051618993528758955, 0.05767845169496571, 0.06020341802366502, 0.05655166260780522, 0.054533741802837286, 0.056870027303915105, 0.060318308218298186, 0.05464548472522219, 0.05045611296420341, 0.056582194583147276, 0.05822889637565841, 0.05997385925303418, 0.056503292793364225], [0.06648602098525105, 0.04215695863937854, 0.04864075506910245, 0.045552272315874456, 0.04260726898074553, 0.04357945735867822, 0.06676570561507007, 0.06161060772172389, 0.06652134188787047, 0.04803664710681395, 0.06661897083377022, 0.06268995311274059, 0.04822176259143428, 0.04195889383925278, 0.06653155077429479, 0.05514134812225615, 0.0603756685713658, 0.06650481647437675], [0.0680004639556835, 0.03879560454946746, 0.047223023534405814, 0.04315916343040952, 0.03936728522910516, 0.04060908813664546, 0.06910813067559615, 0.06455358053374426, 0.06810594646766556, 0.04642200561346079, 0.06842138644786484, 0.06590600107515583, 0.04666716920386777, 0.03854487732897043, 0.0681371346650466, 0.05596282077873187, 0.06296016855586359, 0.0680561498183154], [0.07675388630250952, 0.03598687073949382, 0.042740849535333435, 0.039433803347476384, 0.0364340832995418, 0.03740952677327241, 0.0749291908314844, 0.05990603712110102, 0.07662662913728933, 0.042079328862434734, 0.07620376289732103, 0.061832846557942474, 0.042281229933607244, 0.03579106178017991, 0.07658776701812518, 0.050445855385984735, 0.05786978072286852, 0.07668748975403407], [0.09558036896795673, 0.026191786946397937, 0.03281109462441461, 0.02947322858955099, 0.026607016534919592, 0.027523305686462593, 0.08816532186050095, 0.054486080346484826, 0.09499485322860746, 0.032127351264868674, 0.09313588189462998, 0.05760609730493409, 0.03233515055489227, 0.026010925309491673, 0.0948185947149756, 0.04146887391091003, 0.051390812956962274, 0.0952732553030397], [0.06969723400628196, 0.03806012379097661, 0.046277720030214596, 0.042301236247862764, 0.03861443248898741, 0.03981977170602339, 0.07039170279701039, 0.06391998187547897, 0.0697713949228608, 0.04549142459496463, 0.06998581169339926, 0.06541369814161342, 0.0457319390588172, 0.037817124255506, 0.06979310681827439, 0.05497243865700973, 0.06220433738725315, 0.06973652152746529], [0.03882518700809626, 0.06787667134991125, 0.06581893928785695, 0.0670548169681491, 0.06780118213212248, 0.06760276225194752, 0.041252029343232396, 0.05513393217690961, 0.03901018090643285, 0.06609635119114213, 0.039604822412691004, 0.05362818413145024, 0.06601317736985374, 0.06790654045580588, 0.03906608309825463, 0.061720549482977234, 0.056666506142945855, 0.03892208429022086], [0.06807444428761375, 0.041019973119727576, 0.04771309519978055, 0.04451255313672619, 0.041481754140233675, 0.04248015862645903, 0.06808701318433348, 0.0615584446554753, 0.06808929921247077, 0.04708512943046968, 0.06812122392907614, 0.06277093252917543, 0.047277450550182, 0.04081699513950323, 0.06809332561243191, 0.05454399317405252, 0.060191695304328864, 0.0680825187679599], [0.05768089296240074, 0.046735631709791024, 0.05381679129297503, 0.05054584109151653, 0.04725176874327758, 0.04835547463901941, 0.05976147765936938, 0.06374680099954574, 0.057852669186271966, 0.05319414560742671, 0.058390244226468636, 0.06403293652755954, 0.05338589448662733, 0.04650767788284407, 0.057904155161632, 0.059819769345475345, 0.063246694190493, 0.05777113428730592], [0.051927520981103883, 0.05538566797239452, 0.0576852460183733, 0.056723278398313634, 0.05557995222881735, 0.05598174128743512, 0.053374349310292675, 0.05854625779855177, 0.05204365588853162, 0.057516358517306264, 0.0524103724742289, 0.05824866520308499, 0.05756911620605049, 0.05529856769469059, 0.052078558177653486, 0.05886838504964, 0.058773834249202274, 0.05198847254432914], [0.09261125628418476, 0.02626121818153887, 0.03370914270727585, 0.02994959255354271, 0.026726961541387977, 0.02775591425394643, 0.08751839762512564, 0.05739425987807616, 0.0922316389423179, 0.03293915719329566, 0.0910005273664477, 0.060598394498062313, 0.03317319334772176, 0.02605847340629904, 0.09211659596904066, 0.04339212269107181, 0.054150525097754955, 0.09241262846290978], [0.08667682750536612, 0.03170603511903079, 0.037791682313752496, 0.034768475848829423, 0.03209903237572297, 0.03296045430290586, 0.08126864557587332, 0.05588299829221608, 0.08625050508817667, 0.037179249549085, 0.08489635283169643, 0.05833307507219006, 0.037365733904838085, 0.03153433010633067, 0.08612215290884567, 0.04528899030584089, 0.05342223555758165, 0.0864532233417178], [0.03314243166865372, 0.07334553167593448, 0.0695309297387522, 0.0717181348209198, 0.07317975883826558, 0.07276842471516397, 0.03588937378171293, 0.053365971039751735, 0.033348867648827316, 0.07000862436683698, 0.0340157162221734, 0.051310064674682986, 0.06986476459044628, 0.07341338251376585, 0.03341134447248926, 0.06293161149205893, 0.05550456801513209, 0.033250499724432454], [0.04816635273617628, 0.05842435334384566, 0.06002508574808193, 0.059447535566955534, 0.05858360269621294, 0.05890273328196042, 0.05003566594294354, 0.05814236935017857, 0.04831346949996798, 0.059938665442534775, 0.04878118068588459, 0.05749246234626993, 0.05996652843867751, 0.058352004850276, 0.048357775266608526, 0.06009097150440971, 0.058735737344070824, 0.04824350595494528], [0.09668769936070913, 0.02590400488159144, 0.0323543039165593, 0.0290991587099277, 0.026308162210062797, 0.027200132866346552, 0.08865763839941154, 0.05377415359226674, 0.09604824530220844, 0.03168693641220225, 0.09402425308554953, 0.05691256101936686, 0.0318897242580273, 0.025727972966988602, 0.09585593498009905, 0.040840642677959935, 0.050676299514099084, 0.09635217584662374], [0.07558833875060583, 0.03648458807120047, 0.04339516215018616, 0.040026400834072974, 0.03694578918870219, 0.03795003497552261, 0.07406698380088331, 0.0603330762046627, 0.07548464880437249, 0.042723696271652734, 0.075137107555933, 0.06216648066483881, 0.04292876250112274, 0.036282501256124616, 0.0754528965455388, 0.05112062079788029, 0.058378617891639874, 0.07553429373506039], [0.10397571676869265, 0.02238513740302695, 0.028659221422006928, 0.025459764156511293, 0.022770383148389094, 0.023624394396160743, 0.09344054086756065, 0.05129645192443147, 0.10312609777128648, 0.02799783615667935, 0.10044895922040134, 0.05483160010848811, 0.028198511832286277, 0.02221767775048213, 0.10287093898244264, 0.037307212680164736, 0.04785986363478494, 0.10352969177620416], [0.08142316939487697, 0.030398112350904463, 0.039088967697885, 0.03475179161049666, 0.030952531500762603, 0.03217285889509474, 0.08055424009208623, 0.0629778215596864, 0.08138834921037853, 0.03820994125896617, 0.0812402705936467, 0.06563596871912908, 0.03847764953078258, 0.030156383690015397, 0.08137676717362274, 0.049659562467669144, 0.06013000966696357, 0.081405604587033], [0.07014101921365822, 0.0405476587028208, 0.046720874322744986, 0.043761243141274664, 0.04097210895630203, 0.041890100721736996, 0.06930581151110944, 0.060210915768116165, 0.07008669775386997, 0.04613841466547387, 0.06990137446466989, 0.061531840812380015, 0.046316690293337195, 0.04036110569820055, 0.07006996881135212, 0.053159289852084825, 0.05877211952030614, 0.07011276579056208], [0.08669581012245041, 0.03126225979901374, 0.03761071029503432, 0.034451627049145866, 0.03167072790190805, 0.03256697722086656, 0.08165843243643188, 0.05646619600851834, 0.08630380355798155, 0.03697017628717446, 0.08505276777982111, 0.058984407899176236, 0.03716519298410529, 0.031083883139123247, 0.0861856079933654, 0.04545675031348688, 0.053924353262781534, 0.08649031594961515], [0.03202997497886602, 0.07883110498167493, 0.06927331094944733, 0.0738043863162109, 0.07816130569689823, 0.07671852024840699, 0.034276173815329124, 0.049515999725254736, 0.03219831888754367, 0.07015732536685401, 0.03274254599120209, 0.047573093470422635, 0.06988635263371198, 0.07912600719402864, 0.03224927887405768, 0.05972912976045507, 0.05160907622632845, 0.03211809488330754], [0.0984809396800768, 0.02503321024827796, 0.03144976562432915, 0.028203648335757024, 0.025433335317795007, 0.02631734941953904, 0.08981716146394568, 0.05317267406532709, 0.09778772055063957, 0.030782968919973532, 0.0955973530475554, 0.05640550122723909, 0.030985514569693416, 0.02485901892321654, 0.0975793540317719, 0.039983414475720284, 0.04999393686039429, 0.09811713323874818], [0.03692125827624821, 0.07171732532611354, 0.06671103586644972, 0.0692354958644869, 0.07140688979812172, 0.07071667683705689, 0.03914834557576731, 0.05282674419988566, 0.03709003159661456, 0.06722411590518106, 0.03763358508082046, 0.051222985544050706, 0.06706788670763131, 0.07185196660441966, 0.037141062175711295, 0.06056695832864056, 0.054507995787965835, 0.03700964052483464], [0.07977879378264142, 0.033863615503906104, 0.040956516642339895, 0.03746168459620148, 0.03432783912172423, 0.03534308529932007, 0.07746165179891873, 0.059775740879493416, 0.07961422727726808, 0.04025410652508521, 0.07907109467946, 0.0619650006118696, 0.04046831139475312, 0.03366060419148491, 0.0795640801666279, 0.049260206611544025, 0.05748057887623307, 0.07969286204112883], [0.057221617781815254, 0.048415966155685976, 0.05431583436581829, 0.051628833861719195, 0.04885654183768306, 0.04979298059336711, 0.0588642611874268, 0.06205352351285208, 0.05735777780988124, 0.053809314774568504, 0.05778323110002429, 0.0622567098643134, 0.053965549274345215, 0.04822083983264477, 0.0573985684490853, 0.059079000421069866, 0.0616862877889835, 0.05729316138871616], [0.07095716936571562, 0.03960760916467128, 0.04612269350303236, 0.0429837963483914, 0.040051514548398594, 0.04101372257988985, 0.07021833010641809, 0.060677626872522705, 0.07091261159930985, 0.04550285086145458, 0.07075589615958601, 0.06210750715074533, 0.04569246247415451, 0.039412705718743314, 0.07089875173441801, 0.053033535017428995, 0.05911713507391679, 0.07093408172120272], [0.030572927752332543, 0.08056086897833618, 0.07012817756047193, 0.0750700856393648, 0.07982910884983203, 0.07825284839392309, 0.03287715983392573, 0.04882960077569955, 0.03074515323479157, 0.0710914086472235, 0.0313024528453076, 0.046768060782563764, 0.07079609749788575, 0.08088303956770664, 0.03079730338000981, 0.059774229912536905, 0.05105840646930965, 0.030663069878778985], [0.04971666391445415, 0.051842596782566135, 0.05887451413407642, 0.055759736464758326, 0.052387844044039546, 0.05353944426373022, 0.052839321687785934, 0.06424583420388003, 0.04996300558010223, 0.0583035332942489, 0.050745930314390134, 0.06370506644580493, 0.05848059433673941, 0.05160049676617871, 0.05003719075202486, 0.06354763748494614, 0.06456473395759559, 0.049845855572678364], [0.03139249686995766, 0.07893038069647919, 0.0698151489361787, 0.07420863393584155, 0.07831190376940825, 0.07696796580631429, 0.03374348127644892, 0.049706344291360775, 0.03156853838652615, 0.07068115385447037, 0.03213783734623489, 0.047679245403968396, 0.07041612786012723, 0.07920154868223735, 0.03162183405976774, 0.06024860187368447, 0.05188411436252922, 0.031484642588464874], [0.05768089296240074, 0.046735631709791024, 0.05381679129297503, 0.05054584109151653, 0.04725176874327758, 0.04835547463901941, 0.05976147765936938, 0.06374680099954574, 0.057852669186271966, 0.05319414560742671, 0.058390244226468636, 0.06403293652755954, 0.05338589448662733, 0.04650767788284407, 0.057904155161632, 0.059819769345475345, 0.063246694190493, 0.05777113428730592], [0.06371701587873187, 0.04084853104173259, 0.049676538497704495, 0.04546054140838265, 0.04145694357963402, 0.0427744450635898, 0.06576899645199571, 0.06586479218691979, 0.0638938722043181, 0.04885267728304965, 0.06443968726625403, 0.0668415058493723, 0.04910523506894478, 0.04058133716080844, 0.06394665871027799, 0.05835279631510213, 0.06460835930672958, 0.06381006672645213], [0.06678010816426505, 0.04345574857347965, 0.048795530213618564, 0.04626467825960413, 0.043830479380738, 0.044637023876011046, 0.0662598386250924, 0.059675424324837356, 0.06674799210949597, 0.04830161548946979, 0.06663613245381746, 0.060680537371768324, 0.04845300455570079, 0.04329068311420909, 0.06673803461335866, 0.05412239089177225, 0.0585673313495608, 0.06676344663320069], [0.036004685058708685, 0.07192349759195694, 0.06742303994871968, 0.06977901522203436, 0.07166790149889643, 0.071085209406586, 0.03839422563700347, 0.05312189823403427, 0.036185478847147956, 0.06791259147260431, 0.03676808782366096, 0.05140337542618886, 0.0677640393949143, 0.07203298101213625, 0.03624015403834034, 0.06127850244556292, 0.05491596123998528, 0.03609935570151898], [0.04671685070131237, 0.057972193738400464, 0.0609900483774319, 0.059811681624380594, 0.058248246599803585, 0.05881094293482871, 0.04912045736823267, 0.05964576763663107, 0.046904985788140834, 0.0607976364517196, 0.04750431747601119, 0.05882720555395341, 0.06085859506351097, 0.057847695069920324, 0.04696168092789491, 0.06179337611349447, 0.060372826354771654, 0.04681549221956128], [0.06305898790051338, 0.046213522237340064, 0.05095742212894578, 0.048734743551593476, 0.04655287041047542, 0.04728022173235822, 0.06316028555972478, 0.059703878482457576, 0.06307497643113673, 0.0505276574830929, 0.06311695957557863, 0.06040215587305114, 0.05065960019512544, 0.04606376535570517, 0.06307953287002158, 0.05544370762470863, 0.058902175477430485, 0.0630675371107406], [0.03875786331486708, 0.07045456609374226, 0.0654803318631343, 0.06792551469768401, 0.07012872384539309, 0.0694151824412062, 0.04076314695959059, 0.052901779046109744, 0.03891031349259291, 0.06596976400506539, 0.03940073333112948, 0.05148359224276883, 0.06582038087306892, 0.07059693901202103, 0.038956392057458857, 0.0598061653983605, 0.05439090327144545, 0.0388377080543614], [0.08086317041961386, 0.03446304691087182, 0.04076012477079865, 0.03766123924583746, 0.03487660513647645, 0.0357799278238333, 0.07742202592854716, 0.05790322601111453, 0.08060117500065332, 0.04013726916172833, 0.07975844840664216, 0.060025000139542664, 0.040327196457582905, 0.034282079444182045, 0.0805219852170693, 0.048169047752244024, 0.05572247895039309, 0.08072595322286895], [0.04006549970877783, 0.0688500737368512, 0.06473537355257535, 0.06678885347374494, 0.06858872431136796, 0.0680117927844725, 0.04202495134559948, 0.053542623431236544, 0.04021500502534916, 0.06515051689764913, 0.040695350998115144, 0.05222916838383133, 0.0650240136890453, 0.06896383016611073, 0.04026017608705776, 0.05979840147000364, 0.05491183181070895, 0.04014381312750307], [0.047128039523011235, 0.05852854967985225, 0.060725020495663896, 0.05990759485213571, 0.05874015731372965, 0.059167087875903, 0.04925921954155883, 0.05875493269317511, 0.04729481442112641, 0.06059836418409547, 0.04782611118743945, 0.05798578111551315, 0.060638910977979875, 0.05843269732340367, 0.047345072638508116, 0.06099785364625961, 0.05945431087574725, 0.04721548165489729], [0.04886467049487097, 0.05867086768751617, 0.05961418565778198, 0.05932076541042373, 0.058777190701849724, 0.05898553905095872, 0.050411225629602346, 0.057334558737352374, 0.048986213379547, 0.05957889390515964, 0.04937277767030293, 0.056746963602722786, 0.05959085229412283, 0.058622115354086, 0.049022821578083985, 0.05928655202683268, 0.057885397609922846, 0.04892840920886328], [0.10868785162139345, 0.020299355057472688, 0.026413912077927374, 0.023279966998093832, 0.020671085952060134, 0.02149693434349204, 0.09616811469680843, 0.049438332781604574, 0.10766481950884668, 0.02576345491543858, 0.10445677778628612, 0.053163137700293475, 0.02596067280631013, 0.020137929030075146, 0.10735804637660143, 0.035038561946029216, 0.045850554060489816, 0.10815049234077691], [0.08196859861764064, 0.030068978445646394, 0.03880876011387248, 0.03444481100264948, 0.030625858313173257, 0.03185200948088907, 0.08091395540251892, 0.06287545523444919, 0.08191780489721108, 0.037924042305854146, 0.08172049911000448, 0.06555926707210262, 0.038193472000515434, 0.029826215958149497, 0.08190145824377477, 0.04945311451374151, 0.06000307184453995, 0.08194262744326711], [0.08021552618865249, 0.03323166508449919, 0.04062926458164754, 0.0369821570562981, 0.03371512604820002, 0.03477294877726807, 0.07798608917201018, 0.06017234716181218, 0.08005898685236461, 0.03989613657625489, 0.07954013915505709, 0.062420005451982855, 0.040119708303454606, 0.03302029122124561, 0.08001122119224306, 0.04928667137592802, 0.057807888770002834, 0.08013382703107867], [0.08766434102531125, 0.029858882684683424, 0.0367812445360434, 0.033326404720594595, 0.030301507181064936, 0.03127432111947678, 0.0830480058874749, 0.05739041682344246, 0.08731328472763533, 0.03607953560927086, 0.0861834031453632, 0.06009297604526837, 0.036293122899198435, 0.02966574293054174, 0.08720715361572222, 0.04539583454631915, 0.05464332892181284, 0.08748049358077609], [0.03430969418017034, 0.07628411114036143, 0.06792099514728564, 0.07188436879860981, 0.0756971126305676, 0.07443367872957939, 0.036434503435375964, 0.050437221261802445, 0.03446960493104466, 0.06869460976849391, 0.03498581844117195, 0.048685047406054935, 0.06845750720415261, 0.07654266868682535, 0.034517990322570025, 0.059535395245797006, 0.0523162591471423, 0.03439341352299464], [0.09319437790231577, 0.02835336628297553, 0.03442171005935644, 0.03137678558950956, 0.02873794499031537, 0.029584420860013026, 0.08566899803131925, 0.05395265499249584, 0.09259010734863159, 0.0338000062373588, 0.09068347578021985, 0.05678038494695556, 0.033989050437130436, 0.02818565369429653, 0.09240855911468145, 0.04223697597740795, 0.051158328349293354, 0.09287719940572367], [0.08336069829105705, 0.028342878042715864, 0.03753066711675329, 0.032903095397964294, 0.028918467742416534, 0.030190804736280177, 0.08286284867756352, 0.0640186848325062, 0.0833616028036782, 0.036586498583394286, 0.08332008223484216, 0.06700629747106458, 0.03687372097371624, 0.028092409516710107, 0.08336057656791535, 0.04909488986655936, 0.06081377979830102, 0.0833619973465618], [0.10125168673470025, 0.024196020306821664, 0.03028733563572288, 0.02719807521054285, 0.02457418860545192, 0.025410373365449435, 0.09104426317689097, 0.051566831063199293, 0.10042043627224927, 0.029651310205629607, 0.09781089339425585, 0.05484672410754418, 0.029844425547287015, 0.02403144462753941, 0.10017108890092936, 0.038506098790213064, 0.048373688570273445, 0.10081511548529949], [0.044248981524634974, 0.06456940730022843, 0.06226425292872763, 0.06345747659109831, 0.06443418426623901, 0.06412932812393124, 0.04587988472890424, 0.05479850704808973, 0.044374609036792315, 0.06251130619117541, 0.0447769011732774, 0.05383940016496168, 0.06243631639380474, 0.0646276692310616, 0.04441252682091609, 0.059142749907881716, 0.05578168654203237, 0.04431481202624308], [0.09839489881713777, 0.025982010470478382, 0.031868703863990926, 0.028893693937675914, 0.02635006328593879, 0.027162530785239915, 0.08885266083335483, 0.05201000626270814, 0.09761676504236244, 0.03125776302644277, 0.09517528542468859, 0.055082426816166125, 0.03144334288910693, 0.025821714376129814, 0.09738339135236623, 0.03970518935887963, 0.04901335514204782, 0.09798619831528489], [0.07493057506894085, 0.03599726304555277, 0.043465441895990956, 0.03981337411918334, 0.03649238806077022, 0.03757249806132464, 0.07414178291462263, 0.061666865004403125, 0.07488928936826782, 0.042736309598967376, 0.07473490111357944, 0.06355240340423783, 0.04295893805443288, 0.035780503396130675, 0.07487617772559636, 0.05185736442315814, 0.05962457053406808, 0.07490935421077287], [0.0961770753188554, 0.026215251732457413, 0.03260254434073016, 0.029377340301565982, 0.026615006383753647, 0.0274974926651358, 0.08833970602129171, 0.05387729751496802, 0.09555473865422645, 0.03194103396520085, 0.09358284361127994, 0.05699505804714431, 0.032142027388760666, 0.026041158421968438, 0.09536751383638567, 0.041024572142109264, 0.05079876641015503, 0.09585057324401126], [0.08470634478343442, 0.032899165343291036, 0.03884004802417867, 0.03589299546593907, 0.033283801446351846, 0.03412645318277619, 0.07983977417333696, 0.05625718050146052, 0.08432485779171017, 0.038243762087931565, 0.08311067645202028, 0.058581753484960176, 0.03842536949780951, 0.032731074729025464, 0.08420993189888429, 0.046107133783700925, 0.05391337474160475, 0.08450630261158419], [0.04667351041708512, 0.05901998776534944, 0.06094943073853146, 0.06024687640798626, 0.05920969509815427, 0.05959119351073236, 0.04886311675588663, 0.058642577993620715, 0.046844809922349, 0.06084365935867347, 0.04739057991794459, 0.057845097927782564, 0.060877728905379354, 0.058933944018713214, 0.04689643344074544, 0.06103628568140655, 0.05937174843416279, 0.04676332370549681], [0.0825614967143073, 0.03435750803039787, 0.040066170892554584, 0.03724438480709238, 0.03472962679859328, 0.0355435679354859, 0.07811024040904943, 0.05643235679622495, 0.08221249361421164, 0.039496731157195424, 0.08110183130875104, 0.058586269013183465, 0.039670240413555435, 0.03419476994866978, 0.08210735808135526, 0.04695170184410475, 0.05425476680247278, 0.08237848543279472], [0.09224511219791867, 0.02694447921595093, 0.03410411206493693, 0.030496440325568582, 0.02739387584230931, 0.028385747955831122, 0.08683536595329522, 0.056817259202901205, 0.09183575344549731, 0.03336602717891345, 0.0905155701641386, 0.059918669197106054, 0.03359040414370333, 0.02674876052974837, 0.09171191547404209, 0.04337046939771291, 0.05368925389132519, 0.09203078381910074], [0.07632828499666218, 0.03421055306972397, 0.0423850851637721, 0.03836403712621375, 0.034746299044681295, 0.03591840734195037, 0.07579198894822142, 0.06271980235531487, 0.0763104370712132, 0.041579154628709994, 0.07622670842140229, 0.06480869309503207, 0.04182507831691482, 0.0339763258700847, 0.07630427223104058, 0.05174114022206932, 0.06044430557904575, 0.07631942651794735], [0.04666741013646193, 0.06189928702290611, 0.06082057040678933, 0.0614323051692302, 0.0618497635438354, 0.06172983880704223, 0.04817348220905857, 0.05574899311932095, 0.04678451915432911, 0.060954410405288546, 0.04715832545883982, 0.054997591681342245, 0.06091414126427689, 0.06191985401668929, 0.0468198308075069, 0.058900667736008966, 0.056500210038933484, 0.046728799022140007], [0.047458172746166705, 0.059943492094877336, 0.06043542526981619, 0.06035744495799013, 0.06001835240143023, 0.06015903368692997, 0.04916323185315397, 0.05710223619733564, 0.04759151295229736, 0.060442571400314095, 0.048016336037130604, 0.05639573957518482, 0.06044154651420365, 0.05990860899889172, 0.04763169611222104, 0.059629017483896846, 0.057777497353688076, 0.04752808436447161], [0.08244719228842125, 0.032875253373402566, 0.03964864483421101, 0.03629793514598821, 0.033315573377011076, 0.03427977283023159, 0.07912553282277832, 0.05848368834590556, 0.08219978566539082, 0.03897277715140873, 0.08139749626453395, 0.060810298494372056, 0.03917874954993855, 0.03268280015794137, 0.0821248135590894, 0.047757392567437246, 0.05608455554674412, 0.0823177380251942], [0.0813695017554349, 0.0329304660362963, 0.0400461419334739, 0.036526816277996914, 0.03339295246662772, 0.03440595872075175, 0.07872299937984097, 0.05948044477400731, 0.08117969337889709, 0.039336707754033994, 0.08055548885442139, 0.06180071208933234, 0.03955294172642598, 0.032728354725122845, 0.08112191959353478, 0.04851596362135198, 0.05706258873736653, 0.08127034817508333], [0.07272467427188067, 0.03659530088378892, 0.04458107570403411, 0.04069216264887543, 0.037128290847742704, 0.03828967085332354, 0.07270510192700423, 0.06297546079146944, 0.07274415939606409, 0.04380776244571506, 0.07278290370901656, 0.06471778846775547, 0.04404406087127214, 0.03636185487050305, 0.07274934940576372, 0.05332617286342587, 0.06103888651401136, 0.07273532352835362], [0.10425728370955481, 0.022958782826609556, 0.02887945582213176, 0.0258652121447734, 0.023323662548843223, 0.02413173953404214, 0.09271435741544652, 0.050269537197908, 0.10330854290212804, 0.028256948104784817, 0.10034023601378667, 0.05366146867902716, 0.028445853742135277, 0.02280010267312126, 0.10302425479045943, 0.037012445663088894, 0.04699130292329519, 0.10375881330886388], [0.07086315351629419, 0.040444434030627106, 0.04630041961695227, 0.04347631299469894, 0.04084304762709027, 0.0417070000110958, 0.0698058874748816, 0.05974123431606347, 0.07079178293193841, 0.04574195073019105, 0.07055172858696351, 0.061127964509470924, 0.045912737131770964, 0.04026940150261031, 0.07076990343625009, 0.05257807185503243, 0.058249000520427655, 0.070825969207641], [0.09812739062126113, 0.025338932117053767, 0.0316836869510699, 0.028475908652082837, 0.025735095098372414, 0.026610073157659127, 0.08945585575463876, 0.053114026552580344, 0.09743210865564635, 0.031025042381757753, 0.09523691344893438, 0.05630514041337509, 0.03122512542716835, 0.02516643967542739, 0.0972231727775633, 0.04010491142198921, 0.04997770770851396, 0.097762469184906], [0.07237622125981717, 0.039339118765455545, 0.045434571523200934, 0.04248925189075707, 0.03975268133680972, 0.04064962037203793, 0.07105573503150088, 0.05969525377516471, 0.07228462466107963, 0.04485116482905509, 0.07197968059833522, 0.06120345028523649, 0.04502952386663753, 0.03915757334028343, 0.07225663621791074, 0.05203335884397171, 0.05808309238055694, 0.07232844102218931], [0.043561814302482946, 0.06454189670460601, 0.06270936386536972, 0.06371364041764185, 0.06444913069110889, 0.0642307883189647, 0.04542884704584891, 0.055314796330698156, 0.0437060379396256, 0.06292441730314939, 0.04416744648054691, 0.05428873443169464, 0.06285948595634738, 0.06458099708039593, 0.043749556112491636, 0.05978195861815394, 0.05635369112850014, 0.04363739727237326], [0.057400180548061466, 0.05075402634538477, 0.054451554915237094, 0.052798313137533394, 0.05103924611481066, 0.05164013760231328, 0.05815881363662604, 0.059162226196145966, 0.05746452324751874, 0.05414329814078828, 0.05766396055889066, 0.05933455550913805, 0.05423853337275519, 0.050627177676229325, 0.057483751008919545, 0.057301654837802925, 0.05890402794381298, 0.05743401920803164], [0.053418258791023604, 0.05433819906952482, 0.05686070015890923, 0.05579407382208917, 0.054548830017034144, 0.05498505694206438, 0.054575998998742166, 0.058423119252351066, 0.0535118539356807, 0.05667104934405482, 0.05380665989354655, 0.05824112145061811, 0.056730142305701406, 0.054243816751352696, 0.0535399605591705, 0.058304342270288904, 0.05853942188447041, 0.05346739455337736], [0.08418615955460877, 0.032606691885761034, 0.038967601033170346, 0.035820167089458475, 0.03302035809836126, 0.03392580358498476, 0.07985156696322074, 0.05711249188812701, 0.0838517670282378, 0.03833217024293862, 0.082781213